0.00165,0,1,24.9201,2,1,99.9948,1,1
0.00659011,0.000257044,2,24.6809,3.9872,2,99.9793,1.9999,2
0.0147907,0.00102677,3,24.2838,5.94885,3,99.9534,2.99962,3
0.0262024,0.00256198,4,23.7313,7.87238,4,99.9172,3.99905,4
0.0407567,0.00511128,5,23.0269,9.74539,5,99.8706,4.99809,5
0.0583657,0.00891764,6,22.1749,11.5558,6,99.8137,5.99666,6
0.0789228,0.014217,7,21.1806,13.2918,7,99.7465,6.99465,7
0.102303,0.021237,8,20.0504,14.9422,8,99.6689,7.99196,8
0.128364,0.0301954,9,18.7912,16.496,9,99.5811,8.9885,9
0.156947,0.0412989,10,17.4112,17.943,10,99.4829,9.98418,10
0.187874,0.0547418,11,15.9191,19.2735,11,99.3745,10.9789,11
0.220955,0.0707048,12,14.3244,20.4785,12,99.2558,11.9725,12
0.255983,0.0893535,13,12.6374,21.5498,13,99.1269,12.965,13
0.292739,0.110837,14,10.8692,22.4801,14,98.9877,13.9561,14
0.330991,0.135288,15,9.03127,23.2626,15,98.8383,14.946,15
0.370497,0.16282,16,7.13581,23.8919,16,98.6787,15.9343,16
0.411002,0.193527,17,5.19544,24.3631,17,98.5089,16.921,17
0.452247,0.227482,18,3.22319,24.6728,18,98.3289,17.9061,18
0.493963,0.264739,19,1.23244,24.8183,19,98.1388,18.8894,19
0.535879,0.305328,20,-0.763185,24.7982,20,97.9385,19.8708,20
0.577718,0.349257,21,-2.7499,24.612,21,97.728,20.8503,21
0.619203,0.39651,22,-4.71387,24.2607,22,97.5075,21.8276,22
0.660057,0.44705,23,-6.64126,23.7461,23,97.2768,22.8028,23
0.700008,0.500814,24,-8.5184,23.0715,24,97.036,23.7756,24
0.738785,0.557717,25,-10.3318,22.2411,25,96.7852,24.7461,25
0.776127,0.617649,26,-12.0685,21.2605,26,96.5243,25.7141,26
0.81178,0.680481,27,-13.7157,20.1362,27,96.2533,26.6794,27
0.845502,0.746057,28,-15.2613,18.8761,28,95.9724,27.6421,28
0.877063,0.814204,29,-16.6939,17.4888,29,95.6814,28.602,29
0.906251,0.884725,30,-18.0028,15.9842,30,95.3804,29.559,30
0.932868,0.957408,31,-19.1782,14.3731,31,95.0695,30.513,31
0.956736,1.03202,32,-20.2111,12.667,32,94.7486,31.4639,32
0.977698,1.10832,33,-21.0938,10.8784,33,94.4178,32.4116,33
0.995619,1.18603,34,-21.8195,9.02033,34,94.0771,33.356,34
1.01039,1.2649,35,-22.3826,7.10645,35,93.7265,34.297,35
1.02191,1.34464,36,-22.7787,5.15091,36,93.366,35.2345,36
1.03014,1.42495,37,-23.0047,3.16821,37,92.9957,36.1684,37
1.03502,1.50555,38,-23.059,1.17307,38,92.6156,37.0986,38
1.03656,1.58614,39,-22.941,-0.819676,39,92.2257,38.0251,39
1.03477,1.66643,40,-22.6516,-2.79521,40,91.8261,38.9476,40
1.02969,1.74612,41,-22.1929,-4.73885,41,91.4167,39.8661,41
1.02139,1.82492,42,-21.5685,-6.63621,42,90.9976,40.7806,42
1.00997,1.90256,43,-20.7831,-8.47326,43,90.5689,41.6909,43
0.995549,1.97876,44,-19.8427,-10.2365,44,90.1305,42.5968,44
0.978263,2.05328,45,-18.7544,-11.913,45,89.6825,43.4985,45
0.958277,2.12586,46,-17.5263,-13.4907,46,89.2249,44.3956,46
0.935776,2.19628,47,-16.1677,-14.9581,47,88.7578,45.2881,47
0.910963,2.26434,48,-14.6888,-16.3048,48,88.2812,46.176,48
0.884056,2.32983,49,-13.1004,-17.5212,49,87.7952,47.0591,49
0.855289,2.39261,50,-11.4143,-18.599,50,87.2997,47.9374,50
0.824907,2.45251,51,-9.64275,-19.5308,51,86.7948,48.8107,51
0.793167,2.50941,52,-7.79864,-20.3101,52,86.2806,49.6789,52
0.760333,2.56322,53,-5.89521,-20.9321,53,85.7571,50.542,53
0.726677,2.61385,54,-3.94601,-21.3926,54,85.2243,51.3998,54
0.692473,2.66126,55,-1.96482,-21.689,55,84.6823,52.2523,55
0.657998,2.7054,56,0.0345161,-21.8196,56,84.1312,53.0993,56
0.623528,2.74627,57,2.03813,-21.7841,57,83.5709,53.9408,57
0.589339,2.7839,58,4.03227,-21.5832,58,83.0015,54.7767,58
0.555701,2.81831,59,6.00337,-21.2188,59,82.4232,55.6068,59
0.522879,2.84956,60,7.93814,-20.6937,60,81.8358,56.4311,60
0.491132,2.87775,61,9.82366,-20.012,61,81.2395,57.2495,61
0.460707,2.90296,62,11.6475,-19.1787,62,80.6344,58.0618,62
0.431845,2.92532,63,13.3976,-18.1997,63,80.0204,58.868,63
0.404772,2.94496,64,15.0626,-17.082,64,79.3976,59.668,64
0.379703,2.96205,65,16.6318,-15.8331,65,78.7662,60.4617,65
0.356838,2.97675,66,18.0951,-14.4617,66,78.126,61.2489,66
0.336362,2.98924,67,19.4433,-12.9769,67,77.4773,62.0297,67
0.318446,2.99973,68,20.6677,-11.3885,68,76.82,62.8038,68
0.303243,3.00843,69,21.7607,-9.70714,69,76.1542,63.5712,69
0.290889,3.01556,70,22.7156,-7.94372,70,75.48,64.3318,70
0.281501,3.02134,71,23.5263,-6.10971,71,74.7974,65.0854,71
0.27518,3.02602,72,24.1878,-4.21697,72,74.1065,65.8321,72
0.272006,3.02984,73,24.6961,-2.27769,73,73.4073,66.5716,73
0.27204,3.03305,74,25.0481,-0.304301,74,72.6999,67.3039,74
0.275326,3.0359,75,25.2415,1.69057,75,71.9844,68.0289,75
0.281886,3.03865,76,25.2753,3.69417,76,71.2607,68.7465,76
0.291723,3.04156,77,25.1493,5.6937,77,70.5291,69.4566,77
0.30482,3.04488,78,24.8643,7.67639,78,69.7895,70.159,78
0.32114,3.04887,79,24.4221,9.62955,79,69.0419,70.8538,79
0.340628,3.05378,80,23.8254,11.5407,80,68.2866,71.5407,80
0.363207,3.05986,81,23.0779,13.3974,81,67.5234,72.2197,81
0.388785,3.06734,82,22.1845,15.1878,82,66.7526,72.8907,82
0.417247,3.07646,83,21.1506,16.9002,83,65.9741,73.5535,83
0.448463,3.08745,84,19.9829,18.5234,84,65.188,74.2082,84
0.482282,3.10052,85,18.6887,20.0467,85,64.3943,74.8546,85
0.518541,3.11588,86,17.2764,21.46,86,63.5932,75.4926,86
0.557055,3.1337,87,15.7549,22.754,87,62.7848,76.1221,87
0.597629,3.15418,88,14.1341,23.9197,88,61.969,76.743,88
0.64005,3.17747,89,12.4246,24.9492,89,61.146,77.3553,89
0.684093,3.20371,90,10.6375,25.8353,90,60.3158,77.9588,90
0.729522,3.23303,91,8.7847,26.5719,91,59.4785,78.5535,91
0.776088,3.26554,92,6.87852,27.1535,92,58.6342,79.1393,92
0.823536,3.30132,93,4.93175,27.5758,93,57.783,79.7161,93
0.871599,3.34045,94,2.95757,27.8356,94,56.925,80.2838,94
0.920009,3.38296,95,0.96949,27.9307,95,56.0602,80.8424,95
0.968489,3.42889,96,-1.01881,27.86,96,55.1888,81.3917,96
1.01676,3.47822,97,-2.99349,27.6234,97,54.3107,81.9316,97
1.06455,3.53093,98,-4.9407,27.2223,98,53.4262,82.4622,98
1.11158,3.58699,99,-6.84667,26.6591,99,52.5354,82.9833,99
1.15758,3.64631,100,-8.69779,25.9372,100,51.6382,83.4947,100
1.20227,3.70881,101,-10.4807,25.0615,101,50.7348,83.9965,101
1.2454,3.77436,102,-12.1826,24.0377,102,49.8253,84.4886,102
1.28672,3.84283,103,-13.7908,22.873,103,48.9099,84.9708,103
1.32599,3.91406,104,-15.2936,21.5755,104,47.9885,85.443,104
1.36298,3.98787,105,-16.6798,20.1542,105,47.0613,85.9053,105
1.3975,4.06404,106,-17.939,18.6192,106,46.1284,86.3575,106
1.42934,4.14237,107,-19.0617,16.9817,107,45.1899,86.7995,107
1.45833,4.22262,108,-20.0395,15.2535,108,44.2459,87.2312,108
1.48433,4.30453,109,-20.8648,13.4471,109,43.2966,87.6525,109
1.50721,4.38785,110,-21.5312,11.5759,110,42.3419,88.0635,110
1.52686,4.47229,111,-22.0337,9.65367,111,41.382,88.4639,111
1.5432,4.55757,112,-22.3684,7.69457,112,40.4171,88.8537,112
1.55618,4.64341,113,-22.5324,5.71318,113,39.4471,89.2328,113
1.56577,4.72951,114,-22.5246,3.72424,114,38.4723,89.6011,114
1.57197,4.81556,115,-22.3449,1.74254,115,37.4928,89.9586,115
1.57481,4.90129,116,-21.9946,-0.217176,116,36.5086,90.3052,116
1.57433,4.9864,117,-21.4762,-2.14033,117,35.5198,90.6407,117
1.57061,5.0706,118,-20.7937,-4.01268,118,34.5267,90.9652,118
1.56375,5.15362,119,-19.9521,-5.82036,119,33.5292,91.2784,119
1.55388,5.2352,120,-18.9577,-7.5501,120,32.5275,91.5805,120
1.54115,5.31507,121,-17.8181,-9.18921,121,31.5217,91.8712,121
1.52572,5.39301,122,-16.5417,-10.7258,122,30.512,92.1504,122
1.50778,5.46879,123,-15.1379,-12.1487,123,29.4984,92.4183,123
1.48754,5.54221,124,-13.6172,-13.4479,124,28.4811,92.6745,124
1.46522,5.61309,125,-11.9908,-14.614,125,27.4601,92.9191,125
1.44105,5.68126,126,-10.2704,-15.639,126,26.4357,93.1521,126
1.4153,5.74658,127,-8.46871,-16.5158,127,25.4079,93.3733,127
1.38821,5.80895,128,-6.59858,-17.2385,128,24.3768,93.5826,128
1.36004,5.86825,129,-4.67339,-17.8023,129,23.3427,93.7801,129
1.33108,5.92442,130,-2.7068,-18.2037,130,22.3055,93.9656,130
1.3016,5.97741,131,-0.712604,-18.4401,131,21.2655,94.139,131
1.27187,6.02721,132,1.2953,-18.5105,132,20.2227,94.3004,132
1.24217,6.0738,133,3.30306,-18.4147,133,19.1774,94.4497,133
1.21277,6.11721,134,5.29694,-18.1538,134,18.1296,94.5867,134
1.18394,6.15749,135,7.26344,-17.7301,135,17.0794,94.7115,135
1.15594,6.1947,136,9.18935,-17.1468,136,16.0271,94.8239,136
1.12904,6.22892,137,11.0619,-16.4082,137,14.9727,94.924,137
1.10347,6.26028,138,12.8686,-15.5197,138,13.9163,95.0117,138
1.07946,6.28888,139,14.5978,-14.4875,139,12.8582,95.0869,139
1.05725,6.31488,140,16.2383,-13.3188,140,11.7985,95.1496,140
1.03704,6.33844,141,17.7794,-12.0216,141,10.7373,95.1997,141
1.01903,6.35972,142,19.2114,-10.6047,142,9.6747,95.2372,142
1.00339,6.37893,143,20.5251,-9.0774,143,8.61092,95.262,143
0.990293,6.39626,144,21.7124,-7.44991,144,7.54609,95.2741,144
0.979881,6.41192,145,22.7659,-5.73289,145,6.48036,95.2735,145
0.972286,6.42615,146,23.6789,-3.93751,146,5.41388,95.2601,146
0.967617,6.43917,147,24.4459,-2.07538,147,4.34681,95.2339,147
0.965968,6.45122,148,25.0621,-0.158497,148,3.27929,95.1949,148
0.967411,6.46255,149,25.5238,1.80086,149,2.21149,95.1429,149
0.972001,6.47342,150,25.8283,3.79018,150,1.14357,95.0781,150
0.979773,6.48406,151,25.9737,5.79678,151,0.0756779,95.0002,151
0.990741,6.49475,152,25.9591,7.80788,152,-0.992019,94.9094,152
1.0049,6.50573,153,25.7847,9.8107,153,-2.05936,94.8056,153
1.02223,6.51726,154,25.4518,11.7925,154,-3.12617,94.6888,154
1.04268,6.5296,155,24.9622,13.7406,155,-4.1923,94.5588,155
1.06619,6.54299,156,24.3193,15.6426,156,-5.25758,94.4158,156
1.09268,6.55768,157,23.5269,17.4863,157,-6.32182,94.2597,157
1.12205,6.5739,158,22.5901,19.2598,158,-7.38488,94.0904,158
1.15417,6.59189,159,21.5148,20.9516,159,-8.44657,93.908,159
1.18891,6.61186,160,20.3078,22.5507,160,-9.50672,93.7124,160
1.22612,6.63403,161,18.9768,24.0467,161,-10.5652,93.5036,161
1.26562,6.6586,162,17.5302,25.4295,162,-11.6217,93.2816,162
1.30722,6.68574,163,15.9774,26.69,163,-12.6762,93.0463,163
1.35072,6.71563,164,14.3284,27.8196,164,-13.7284,92.7978,164
1.3959,6.74843,165,12.594,28.8106,165,-14.7783,92.536,165
1.44255,6.78427,166,10.7856,29.6562,166,-15.8255,92.261,166
1.4904,6.82327,167,8.91519,30.3503,167,-16.87,91.9726,167
1.53921,6.86553,168,6.99521,30.8879,168,-17.9115,91.671,168
1.58873,6.91114,169,5.03864,31.265,169,-18.9499,91.3561,169
1.63868,6.96015,170,3.0588,31.4787,170,-19.9849,91.0278,170
1.68878,7.0126,171,1.06929,31.5271,171,-21.0165,90.6863,171
1.73877,7.0685,172,-0.916108,31.4095,172,-22.0445,90.3314,172
1.78836,7.12784,173,-2.88351,31.1264,173,-23.0686,89.9633,173
1.83727,7.1906,174,-4.81902,30.6792,174,-24.0886,89.5818,174
1.88523,7.25671,175,-6.70888,30.0709,175,-25.1045,89.1871,175
1.93195,7.3261,176,-8.5395,29.3054,176,-26.1161,88.7791,176
1.97719,7.39867,177,-10.2976,28.3879,177,-27.1231,88.3578,177
2.02067,7.47428,178,-11.9704,27.3246,178,-28.1254,87.9234,178
2.06214,7.55279,179,-13.5456,26.1229,179,-29.1228,87.4757,179
2.10139,7.63402,180,-15.0116,24.7914,180,-30.1152,87.0149,180
2.13817,7.7178,181,-16.3573,23.3395,181,-31.1023,86.5411,181
2.1723,7.8039,182,-17.5727,21.7778,182,-32.084,86.0542,182
2.20358,7.89211,183,-18.6487,20.1176,183,-33.0601,85.5542,183
2.23185,7.98217,184,-19.5771,18.3711,184,-34.0304,85.0413,184
2.25697,8.07382,185,-20.3508,16.5511,185,-34.9947,84.5156,185
2.27881,8.16681,186,-20.964,14.671,186,-35.9529,83.977,186
2.29729,8.26085,187,-21.4118,12.7449,187,-36.9048,83.4256,187
2.31233,8.35565,188,-21.691,10.787,188,-37.8502,82.8615,188
2.32388,8.45091,189,-21.7993,8.81202,189,-38.7888,82.2847,189
2.33193,8.54635,190,-21.7358,6.83463,190,-39.7206,81.6954,190
2.33648,8.64167,191,-21.501,4.86959,191,-40.6453,81.0936,191
2.33757,8.73658,192,-21.0967,2.93153,192,-41.5627,80.4793,192
2.33525,8.83078,193,-20.5259,1.03489,193,-42.4727,79.8527,193
2.32961,8.92399,194,-19.7929,-0.806293,194,-43.375,79.2138,194
2.32076,9.01594,195,-18.9033,-2.57841,195,-44.2695,78.5627,195
2.30884,9.10637,196,-17.8636,-4.26842,196,-45.156,77.8995,196
2.29398,9.19504,197,-16.6817,-5.86398,197,-46.0342,77.2242,197
2.27637,9.2817,198,-15.3664,-7.35349,198,-46.904,76.537,198
2.2562,9.36614,199,-13.9273,-8.72621,199,-47.7653,75.838,199
2.23369,9.44817,200,-12.3752,-9.97233,200,-48.6178,75.1271,200
2.20904,9.52761,201,-10.7213,-11.083,201,-49.4613,74.4046,201
2.18252,9.6043,202,-8.97775,-12.0505,202,-50.2956,73.6705,202
2.15435,9.67811,203,-7.15701,-12.8681,203,-51.1206,72.925,203
2.12481,9.74893,204,-5.27217,-13.5303,204,-51.9361,72.168,204
2.09416,9.81666,205,-3.33662,-14.0327,205,-52.7419,71.3998,205
2.06266,9.88124,206,-1.36402,-14.372,206,-53.5379,70.6204,206
2.0306,9.94262,207,0.631855,-14.5462,207,-54.3237,69.83,207
1.99826,10.0008,208,2.63715,-14.5544,208,-55.0993,69.0286,208
1.96589,10.0558,209,4.63808,-14.3968,209,-55.8645,68.2165,209
1.93378,10.1076,210,6.621,-14.0748,210,-56.6191,67.3936,210
1.90218,10.1562,211,8.57249,-13.591,211,-57.3629,66.5602,211
1.87137,10.2018,212,10.4795,-12.9488,212,-58.0958,65.7163,212
1.8416,10.2444,213,12.3293,-12.153,213,-58.8176,64.8621,213
1.81309,10.2842,214,14.1097,-11.209,214,-59.5281,63.9977,214
1.7861,10.3212,215,15.8091,-10.1234,215,-60.2272,63.1233,215
1.76083,10.3557,216,17.4163,-8.90352,216,-60.9146,62.239,216
1.73749,10.3877,217,18.9211,-7.55764,217,-61.5903,61.3449,217
1.71627,10.4175,218,20.3138,-6.09471,218,-62.2541,60.4412,218
1.69735,10.4452,219,21.5856,-4.52437,219,-62.9058,59.5281,219
1.68089,10.4711,220,22.7283,-2.85693,220,-63.5452,58.6057,220
1.66703,10.4953,221,23.7348,-1.10324,221,-64.1723,57.6742,221
1.6559,10.5182,222,24.5988,0.725365,222,-64.7868,56.7336,222
1.64759,10.5398,223,25.3149,2.6171,223,-65.3886,55.7843,223
1.64221,10.5605,224,25.8788,4.55984,224,-65.9776,54.8263,224
1.63981,10.5806,225,26.2868,6.54118,225,-66.5536,53.8598,225
1.64044,10.6002,226,26.5366,8.54848,226,-67.1165,52.8851,226
1.64414,10.6196,227,26.6266,10.569,227,-67.6662,51.9022,227
1.65091,10.6391,228,26.5562,12.5899,228,-68.2025,50.9114,228
1.66074,10.6589,229,26.326,14.5982,229,-68.7253,49.9128,229
1.6736,10.6793,230,25.9375,16.5814,230,-69.2345,48.9067,230
1.68944,10.7005,231,25.393,18.5267,231,-69.7299,47.8932,231
1.7082,10.7228,232,24.6961,20.4217,232,-70.2115,46.8725,232
1.72978,10.7465,233,23.851,22.2542,233,-70.679,45.8448,233
1.75407,10.7716,234,22.8632,24.0126,234,-71.1325,44.8103,234
1.78095,10.7986,235,21.7388,25.6854,235,-71.5717,43.7692,235
1.81027,10.8275,236,20.485,27.2618,236,-71.9967,42.7218,236
1.84188,10.8587,237,19.1098,28.7315,237,-72.4072,41.6682,237
1.8756,10.8922,238,17.622,30.0847,238,-72.8032,40.6086,238
1.91123,10.9283,239,16.0312,31.3125,239,-73.1845,39.5433,239
1.94857,10.9671,240,14.3476,32.4066,240,-73.5511,38.4724,240
1.98739,11.0088,241,12.5822,33.3596,241,-73.903,37.3962,241
2.02747,11.0535,242,10.7467,34.165,242,-74.2399,36.3149,242
2.06856,11.1014,243,8.85328,34.8169,243,-74.5619,35.2288,243
2.1104,11.1524,244,6.91446,35.3109,244,-74.8687,34.138,244
2.15274,11.2067,245,4.94334,35.6432,245,-75.1605,33.0427,245
2.19531,11.2643,246,2.95332,35.8113,246,-75.437,31.9433,246
2.23783,11.3253,247,0.958013,35.8136,247,-75.6982,30.8399,247
2.28002,11.3897,248,-1.02878,35.6499,248,-75.9441,29.7327,248
2.32162,11.4574,249,-2.99321,35.3208,249,-76.1745,28.622,249
2.36233,11.5283,250,-4.92146,34.8285,250,-76.3894,27.5081,250
2.40189,11.6026,251,-6.79983,34.1759,251,-76.5888,26.3911,251
2.44003,11.6799,252,-8.61487,33.3675,252,-76.7725,25.2713,252
2.47648,11.7603,253,-10.3535,32.4088,253,-76.9406,24.149,253
2.511,11.8436,254,-12.003,31.3062,254,-77.0929,23.0243,254
2.54333,11.9297,255,-13.5514,30.0677,255,-77.2294,21.8975,255
2.57325,12.0183,256,-14.9871,28.7019,256,-77.3501,20.7689,256
2.60055,12.1092,257,-16.2995,27.2187,257,-77.4549,19.6386,257
2.62502,12.2024,258,-17.4787,25.6288,258,-77.5438,18.507,258
2.64649,12.2974,259,-18.516,23.9438,259,-77.6168,17.3742,259
2.66481,12.3941,260,-19.4033,22.1762,260,-77.6737,16.2405,260
2.67984,12.4922,261,-20.1341,20.339,261,-77.7146,15.1061,261
2.69146,12.5914,262,-20.7027,18.4459,262,-77.7395,13.9713,262
2.69959,12.6914,263,-21.1048,16.511,263,-77.7483,12.8362,263
2.70416,12.792,264,-21.3373,14.5488,264,-77.7411,11.7012,264
2.70516,12.8929,265,-21.3985,12.5741,265,-77.7178,10.5664,265
2.70255,12.9936,266,-21.288,10.6017,266,-77.6784,9.43209,266
2.69637,13.0941,267,-21.0066,8.64631,267,-77.6229,8.29847,267
2.68665,13.1939,268,-20.5565,6.72263,268,-77.5514,7.16576,268
2.67347,13.2928,269,-19.9412,4.84503,269,-77.4639,6.03421,269
2.65692,13.3904,270,-19.1655,3.02749,270,-77.3604,4.90405,270
2.63712,13.4866,271,-18.2353,1.28345,271,-77.241,3.77549,271
2.61422,13.581,272,-17.1577,-0.37423,272,-77.1056,2.64877,272
2.58837,13.6734,273,-15.9408,-1.93344,273,-76.9544,1.52412,273
2.55976,13.7636,274,-14.594,-3.38287,274,-76.7874,0.401771,274
2.5286,13.8514,275,-13.1271,-4.71211,275,-76.6046,-0.718043,275
2.49509,13.9366,276,-11.5512,-5.9117,276,-76.4062,-1.83509,276
2.45948,14.019,277,-9.87781,-6.97321,277,-76.1921,-2.94914,277
2.42202,14.0984,278,-8.11919,-7.8893,278,-75.9625,-4.05996,278
2.38294,14.1747,279,-6.28807,-8.65372,279,-75.7175,-5.16732,279
2.34253,14.2479,280,-4.39762,-9.26136,280,-75.457,-6.27099,280
2.30104,14.3179,281,-2.46129,-9.70827,281,-75.1811,-7.37073,281
2.25876,14.3845,282,-0.492738,-9.99168,282,-74.89,-8.46632,282
2.21596,14.4478,283,1.49427,-10.11,283,-74.5838,-9.55753,283
2.17291,14.5077,284,3.48598,-10.0626,284,-74.2625,-10.6441,284
2.12989,14.5643,285,5.4687,-9.85036,285,-73.9261,-11.7259,285
2.08718,14.6175,286,7.42896,-9.47493,286,-73.5749,-12.8026,286
2.04502,14.6675,287,9.35351,-8.93919,287,-73.2088,-13.8741,287
2.0037,14.7143,288,11.2295,-8.24704,288,-72.828,-14.9401,288
1.96344,14.7581,289,13.0444,-7.40337,289,-72.4326,-16.0003,289
1.9245,14.7988,290,14.7864,-6.41401,290,-72.0226,-17.0546,290
1.88711,14.8367,291,16.444,-5.28573,291,-71.5982,-18.1028,291
1.85147,14.872,292,18.0065,-4.02611,292,-71.1595,-19.1447,292
1.8178,14.9047,293,19.4637,-2.64354,293,-70.7066,-20.18,293
1.78628,14.935,294,20.8063,-1.14714,294,-70.2396,-21.2085,294
1.75708,14.9632,295,22.0257,0.45332,295,-69.7586,-22.2301,295
1.73036,14.9895,296,23.1141,2.14743,296,-69.2637,-23.2445,296
1.70627,15.014,297,24.0646,3.92426,297,-68.7551,-24.2516,297
1.68491,15.0371,298,24.8712,5.7724,298,-68.2328,-25.2512,298
1.6664,15.0588,299,25.5288,7.68002,299,-67.697,-26.243,299
1.65082,15.0796,300,26.0331,9.63495,300,-67.1479,-27.2269,300
1.63824,15.0995,301,26.381,11.6248,301,-66.5855,-28.2027,301
1.6287,15.119,302,26.5701,13.6368,302,-66.01,-29.1702,302
1.62224,15.1381,303,26.5993,15.6584,303,-65.4216,-30.1292,303
1.61885,15.1573,304,26.4682,17.6765,304,-64.8203,-31.0796,304
1.61852,15.1766,305,26.1775,19.6784,305,-64.2063,-32.0212,305
1.62123,15.1965,306,25.729,21.6514,306,-63.5797,-32.9538,306
1.62691,15.2171,307,25.1253,23.5828,307,-62.9408,-33.8773,307
1.6355,15.2387,308,24.37,25.4602,308,-62.2896,-34.7915,308
1.64691,15.2615,309,23.468,27.2716,309,-61.6263,-35.6962,309
1.66103,15.2858,310,22.4246,29.0052,310,-60.9511,-36.5914,310
1.67772,15.3118,311,21.2465,30.6497,311,-60.2641,-37.4767,311
1.69684,15.3396,312,19.941,32.1944,312,-59.5654,-38.3522,312
1.71823,15.3696,313,18.5163,33.6291,313,-58.8553,-39.2176,313
1.74171,15.4018,314,16.9816,34.9441,314,-58.1339,-40.0728,314
1.76709,15.4366,315,15.3468,36.1307,315,-57.4014,-40.9177,315
1.79414,15.4739,316,13.6223,37.1807,316,-56.6579,-41.7521,316
1.82265,15.514,317,11.8194,38.087,317,-55.9036,-42.576,317
1.85239,15.557,318,9.95007,38.8432,318,-55.1386,-43.3891,318
1.88311,15.603,319,8.02663,39.444,319,-54.3632,-44.1914,319
1.91454,15.6521,320,6.06196,39.8848,320,-53.5776,-44.9827,320
1.94644,15.7044,321,4.06933,40.1626,321,-52.7818,-45.763,321
1.97852,15.7598,322,2.0623,40.2749,322,-51.9761,-46.5321,322
2.01052,15.8185,323,0.0546551,40.2208,323,-51.1607,-47.2899,323
2.04216,15.8804,324,-1.93971,40.0003,324,-50.3357,-48.0363,324
2.07316,15.9454,325,-3.90687,39.6146,325,-49.5013,-48.7711,325
2.10325,16.0136,326,-5.83298,39.0662,326,-48.6578,-49.4944,326
2.13215,16.0849,327,-7.70436,38.3585,327,-47.8052,-50.206,327
2.1596,16.1591,328,-9.50766,37.4965,328,-46.9438,-50.9058,328
2.18534,16.2362,329,-11.2299,36.486,329,-46.0738,-51.5938,329
2.20913,16.316,330,-12.8585,35.3342,330,-45.1953,-52.2697,330
2.23073,16.3984,331,-14.3817,34.0491,331,-44.3086,-52.9336,331
2.24991,16.4831,332,-15.7883,32.6399,332,-43.4138,-53.5854,332
2.26648,16.5699,333,-17.0679,31.1168,333,-42.5111,-54.225,333
2.28024,16.6587,334,-18.2111,29.491,334,-41.6007,-54.8523,334
2.29102,16.7492,335,-19.2093,27.7742,335,-40.6828,-55.4672,335
2.29869,16.8411,336,-20.0551,25.9791,336,-39.7577,-56.0697,336
2.30311,16.9342,337,-20.7422,24.119,337,-38.8254,-56.6597,337
2.30418,17.0282,338,-21.2655,22.2076,338,-37.8861,-57.2371,338
2.30183,17.1228,339,-21.6212,20.2593,339,-36.9402,-57.8019,339
2.29602,17.2178,340,-21.8065,18.2885,340,-35.9877,-58.3541,340
2.2867,17.3127,341,-21.8203,16.3099,341,-35.0288,-58.8934,341
2.27389,17.4074,342,-21.6624,14.3383,342,-34.0638,-59.42,342
2.25762,17.5016,343,-21.3343,12.3883,343,-33.0927,-59.9336,343
2.23794,17.5949,344,-20.8385,10.4745,344,-32.1159,-60.4344,344
2.21492,17.687,345,-20.1788,8.61104,345,-31.1335,-60.9222,345
2.18868,17.7777,346,-19.3605,6.81174,346,-30.1457,-61.3969,346
2.15933,17.8668,347,-18.3898,5.0898,347,-29.1526,-61.8586,347
2.12703,17.9539,348,-17.274,3.45783,348,-28.1545,-62.3072,348
2.09196,18.0389,349,-16.0217,1.92769,349,-27.1515,-62.7426,349
2.05429,18.1214,350,-14.6423,0.510411,350,-26.1439,-63.1648,350
2.01425,18.2014,351,-13.1461,-0.783882,351,-25.1317,-63.5737,351
1.97205,18.2786,352,-11.5443,-1.94603,352,-24.1152,-63.9695,352
1.92793,18.3529,353,-9.8486,-2.96792,353,-23.0945,-64.3519,353
1.88214,18.4241,354,-8.07145,-3.84251,354,-22.0698,-64.721,354
1.83494,18.492,355,-6.22576,-4.56388,355,-21.0413,-65.0767,355
1.7866,18.5567,356,-4.32481,-5.12726,356,-20.0092,-65.4192,356
1.73739,18.6181,357,-2.38216,-5.52905,357,-18.9736,-65.7482,357
1.68759,18.676,358,-0.411555,-5.76681,358,-17.9347,-66.0639,358
1.63747,18.7304,359,1.5732,-5.83926,359,-16.8927,-66.3663,359
1.58732,18.7815,360,3.55831,-5.74631,360,-15.8478,-66.6552,360
1.53741,18.8291,361,5.53012,-5.48896,361,-14.8,-66.9309,361
1.488,18.8733,362,7.47518,-5.06936,362,-13.7497,-67.1932,362
1.43937,18.9142,363,9.38033,-4.4907,363,-12.6969,-67.4421,363
1.39177,18.9519,364,11.2328,-3.75723,364,-11.6419,-67.6777,364
1.34545,18.9865,365,13.0203,-2.87417,365,-10.5848,-67.9001,365
1.30065,19.018,366,14.731,-1.84769,366,-9.52574,-68.1092,366
1.25758,19.0467,367,16.3538,-0.684835,367,-8.46498,-68.305,367
1.21648,19.0727,368,17.878,0.606509,368,-7.40265,-68.4876,368
1.17752,19.0962,369,19.2939,2.0177,369,-6.33892,-68.657,369
1.1409,19.1173,370,20.5924,3.53939,370,-5.27398,-68.8132,370
1.10679,19.1363,371,21.7651,5.16157,371,-4.20799,-68.9563,371
1.07533,19.1534,372,22.8046,6.87367,372,-3.14111,-69.0862,372
1.04666,19.1687,373,23.7043,8.6646,373,-2.07353,-69.2031,373
1.02089,19.1826,374,24.4585,10.5228,374,-1.00539,-69.3069,374
0.998132,19.1952,375,25.0624,12.4364,375,0.0631151,-69.3976,375
0.978449,19.2069,376,25.5121,14.3932,376,1.13184,-69.4754,376
0.961907,19.2178,377,25.8049,16.3806,377,2.20061,-69.5402,377
0.948544,19.2282,378,25.9387,18.3861,378,3.26928,-69.592,378
0.938382,19.2384,379,25.9126,20.3968,379,4.33767,-69.631,379
0.931421,19.2486,380,25.7266,22.4,380,5.40564,-69.6571,380
0.927643,19.259,381,25.3819,24.3829,381,6.47302,-69.6703,381
0.927007,19.2701,382,24.8803,26.3329,382,7.53966,-69.6708,382
0.929457,19.2818,383,24.225,28.2374,383,8.6054,-69.6586,383
0.934915,19.2947,384,23.4197,30.0842,384,9.6701,-69.6336,384
0.943285,19.3087,385,22.4695,31.8613,385,10.7336,-69.596,385
0.95445,19.3243,386,21.3802,33.5572,386,11.7958,-69.5458,386
0.968278,19.3416,387,20.1584,35.1608,387,12.8564,-69.483,387
0.984617,19.3609,388,18.8119,36.6614,388,13.9154,-69.4076,388
1.0033,19.3822,389,17.3492,38.0492,389,14.9727,-69.3198,389
1.02414,19.4059,390,15.7794,39.3146,390,16.028,-69.2196,390
1.04695,19.4321,391,14.1126,40.4491,391,17.0812,-69.107,391
1.07149,19.4609,392,12.3597,41.4448,392,18.1323,-68.9821,392
1.09756,19.4926,393,10.5319,42.2948,393,19.181,-68.8449,393
1.12491,19.5271,394,8.6414,42.993,394,20.2272,-68.6955,394
1.15329,19.5647,395,6.70064,43.5343,395,21.2708,-68.534,395
1.18244,19.6053,396,4.72264,43.9145,396,22.3117,-68.3603,396
1.2121,19.6491,397,2.72078,44.1307,397,23.3496,-68.1747,397
1.24199,19.6962,398,0.708701,44.1809,398,24.3846,-67.977,398
1.27184,19.7464,399,-1.29973,44.0643,399,25.4164,-67.7675,399
1.30137,19.7998,400,-3.29056,43.7814,400,26.445,-67.5461,400
1.33031,19.8565,401,-5.24982,43.3336,401,27.4702,-67.3129,401
1.35837,19.9162,402,-7.16366,42.7238,402,28.4919,-67.068,402
1.38528,19.979,403,-9.01844,41.9559,403,29.5099,-66.8115,403
1.41079,20.0447,404,-10.8008,41.0351,404,30.5242,-66.5434,404
1.43462,20.1133,405,-12.4979,39.9676,405,31.5346,-66.2638,405
1.45655,20.1845,406,-14.0973,38.7609,406,32.5411,-65.9728,406
1.47633,20.2582,407,-15.5873,37.4235,407,33.5434,-65.6704,407
1.49374,20.3343,408,-16.957,35.965,408,34.5415,-65.3568,408
1.50858,20.4124,409,-18.1961,34.3959,409,35.5352,-65.0319,409
1.52068,20.4924,410,-19.2955,32.7276,410,36.5246,-64.6959,410
1.52986,20.5741,411,-20.247,30.9723,411,37.5093,-64.3489,411
1.53599,20.6571,412,-21.0435,29.1429,412,38.4894,-63.991,412
1.53895,20.7412,413,-21.679,27.253,413,39.4647,-63.6221,413
1.53864,20.8261,414,-22.149,25.3166,414,40.4351,-63.2425,414
1.535,20.9116,415,-22.4498,23.3481,415,41.4006,-62.8521,415
1.52799,20.9973,416,-22.5794,21.3621,416,42.3609,-62.4511,416
1.51759,21.0829,417,-22.537,19.3735,417,43.316,-62.0395,417
1.50381,21.1682,418,-22.323,17.3969,418,44.2658,-61.6175,418
1.48669,21.2529,419,-21.9392,15.4472,419,45.2103,-61.1851,419
1.46629,21.3367,420,-21.3886,13.5387,420,46.1492,-60.7425,420
1.4427,21.4192,421,-20.6758,11.6855,421,47.0825,-60.2896,421
1.41603,21.5002,422,-19.8061,9.90118,422,48.0101,-59.8266,422
1.38642,21.5796,423,-18.7863,8.19878,423,48.9319,-59.3536,423
1.35402,21.6569,424,-17.6243,6.59065,424,49.8477,-58.8706,424
1.31901,21.732,425,-16.3287,5.08832,425,50.7576,-58.3778,425
1.28159,21.8047,426,-14.9095,3.70251,426,51.6614,-57.8752,426
1.24197,21.8748,427,-13.3771,2.44298,427,52.559,-57.3629,427
1.20037,21.942,428,-11.743,1.31851,428,53.4503,-56.8411,428
1.15704,22.0064,429,-10.0191,0.336816,429,54.3353,-56.3097,429
1.11224,22.0676,430,-8.21806,-0.495464,430,55.2137,-55.769,430
1.06621,22.1257,431,-6.35276,-1.17282,431,56.0856,-55.2189,431
1.01924,22.1804,432,-4.4366,-1.6909,432,56.9508,-54.6596,432
0.971584,22.2318,433,-2.48317,-2.04649,433,57.8093,-54.0911,433
0.923528,22.2799,434,-0.506188,-2.23756,434,58.661,-53.5136,434
0.875345,22.3245,435,1.48057,-2.26322,435,59.5057,-52.9271,435
0.827312,22.3658,436,3.46338,-2.12373,436,60.3435,-52.3317,436
0.7797,22.4037,437,5.42868,-1.82048,437,61.1741,-51.7275,437
0.732776,22.4383,438,7.36314,-1.35592,438,61.9976,-51.1146,438
0.686802,22.4696,439,9.25374,-0.73361,439,62.8138,-50.493,439
0.642031,22.4978,440,11.0879,0.0419158,440,63.6226,-49.8629,440
0.598706,22.5229,441,12.8534,0.965131,441,64.4241,-49.2244,441
0.557061,22.5452,442,14.5386,2.02959,442,65.2181,-48.5775,442
0.517317,22.5647,443,16.1327,3.22797,443,66.0045,-47.9222,443
0.479679,22.5816,444,17.6251,4.55216,444,66.7833,-47.2588,444
0.444343,22.596,445,19.0064,5.99327,445,67.5544,-46.5873,445
0.411484,22.6082,446,20.2677,7.54173,446,68.3177,-45.9078,446
0.381267,22.6185,447,21.4008,9.18733,447,69.0732,-45.2204,447
0.353834,22.6269,448,22.3986,10.9193,448,69.8209,-44.5251,448
0.329313,22.6337,449,23.2548,12.7265,449,70.5606,-43.8221,449
0.307813,22.6392,450,23.964,14.5971,450,71.2923,-43.1115,450
0.289425,22.6436,451,24.5216,16.5191,451,72.0159,-42.3933,451
0.274219,22.6471,452,24.9241,18.4802,452,72.7314,-41.6677,452
0.262249,22.65,453,25.169,20.4678,453,73.4387,-40.9347,453
0.253546,22.6526,454,25.2546,22.4693,454,74.1378,-40.1946,454
0.248124,22.655,455,25.1803,24.4718,455,74.8285,-39.4472,455
0.245975,22.6577,456,24.9465,26.4626,456,75.511,-38.6929,456
0.247073,22.6607,457,24.5546,28.4289,457,76.185,-37.9316,457
0.251372,22.6645,458,24.0069,30.3581,458,76.8506,-37.1635,458
0.258806,22.6691,459,23.3067,32.2377,459,77.5077,-36.3886,459
0.269289,22.675,460,22.4582,34.0557,460,78.1562,-35.6072,460
0.28272,22.6822,461,21.4668,35.8002,461,78.7961,-34.8192,461
0.298974,22.6911,462,20.3384,37.4598,462,79.4273,-34.0247,462
0.317912,22.7018,463,19.0803,39.0236,463,80.0498,-33.224,463
0.339376,22.7146,464,17.7002,40.4812,464,80.6635,-32.417,464
0.363192,22.7296,465,16.2069,41.8227,465,81.2684,-31.6039,465
0.389171,22.7471,466,14.61,43.0392,466,81.8645,-30.7848,466
0.417107,22.7672,467,12.9197,44.1222,467,82.4515,-29.9597,467
0.446781,22.79,468,11.1469,45.0643,468,83.0297,-29.1288,468
0.477963,22.8158,469,9.30328,45.8586,469,83.5987,-28.2922,469
0.510409,22.8445,470,7.40097,46.4995,470,84.1588,-27.45,470
0.543867,22.8764,471,5.45266,46.9822,471,84.7096,-26.6022,471
0.578074,22.9114,472,3.47144,47.3029,472,85.2514,-25.749,472
0.612763,22.9497,473,1.47076,47.459,473,85.7839,-24.8904,473
0.647659,22.9913,474,-0.535678,47.4488,474,86.3071,-24.0267,474
0.682486,23.0361,475,-2.53399,47.272,475,86.821,-23.1577,475
0.716965,23.0843,476,-4.51024,46.9293,476,87.3256,-22.2838,476
0.750818,23.1356,477,-6.45049,46.4227,477,87.8208,-21.4049,477
0.78377,23.1901,478,-8.34096,45.7552,478,88.3066,-20.5211,478
0.815549,23.2477,479,-10.1681,44.9312,479,88.7829,-19.6326,479
0.845893,23.3083,480,-11.9187,43.9561,480,89.2497,-18.7395,480
0.874546,23.3717,481,-13.58,42.8367,481,89.707,-17.8417,481
0.901266,23.4378,482,-15.1398,41.5807,482,90.1547,-16.9396,482
0.925821,23.5064,483,-16.5866,40.1968,483,90.5927,-16.033,483
0.947998,23.5773,484,-17.9096,38.6951,484,91.0212,-15.1222,484
0.967599,23.6504,485,-19.0991,37.0863,485,91.4399,-14.2073,485
0.984447,23.7252,486,-20.1459,35.382,486,91.8489,-13.2882,486
0.998384,23.8018,487,-21.0424,33.5947,487,92.2482,-12.3652,487
1.00928,23.8796,488,-21.7817,31.7377,488,92.6377,-11.4383,488
1.01701,23.9586,489,-22.3583,29.8245,489,93.0174,-10.5077,489
1.0215,24.0384,490,-22.7678,27.8694,490,93.3873,-9.57332,490
1.02269,24.1186,491,-23.0073,25.8869,491,93.7473,-8.6354,491
1.02054,24.1991,492,-23.0748,23.8917,492,94.0975,-7.69399,492
1.01504,24.2795,493,-22.9702,21.8987,493,94.4377,-6.7492,493
1.00622,24.3596,494,-22.6941,19.9227,494,94.768,-5.80113,494
0.994113,24.4389,495,-22.2489,17.9784,495,95.0884,-4.84987,495
0.978793,24.5174,496,-21.6381,16.08,496,95.3988,-3.89552,496
0.960356,24.5946,497,-20.8665,14.2416,497,95.6992,-2.93819,497
0.938922,24.6703,498,-19.94,12.4766,498,95.9896,-1.97797,498
0.914631,24.7442,499,-18.8656,10.7979,499,96.27,-1.01495,499
0.88765,24.8162,500,-17.6517,9.21757,500,96.5403,-0.0492557,500
0.85816,24.8859,501,-16.3074,7.74689,501,96.8006,0.919032,501
0.826365,24.9532,502,-14.8427,6.39629,502,97.0508,1.88981,502
0.792481,25.0179,503,-13.2685,5.17521,503,97.2909,2.86297,503
0.756741,25.0798,504,-11.5965,4.09208,504,97.5209,3.83842,504
0.719391,25.1388,505,-9.83896,3.15425,505,97.7407,4.81605,505
0.680684,25.1947,506,-8.00849,2.36799,506,97.9505,5.79577,506
0.640884,25.2475,507,-6.1183,1.73838,507,98.1501,6.77746,507
0.600261,25.297,508,-4.18185,1.2694,508,98.3395,7.76104,508
0.559087,25.3433,509,-2.21277,0.963828,509,98.5188,8.7464,509
0.517637,25.3862,510,-0.224834,0.823304,510,98.6879,9.73344,510
0.476188,25.4258,511,1.76821,0.848307,511,98.8468,10.722,511
0.435012,25.4621,512,3.75269,1.03818,512,98.9954,11.7121,512
0.394378,25.4951,513,5.71512,1.39118,513,99.1339,12.7036,513
0.354553,25.525,514,7.64228,1.90444,514,99.2621,13.6963,514
0.315792,25.5516,515,9.52132,2.57411,515,99.3801,14.6902,515
0.278346,25.5753,516,11.3398,3.39529,516,99.4879,15.6852,516
0.242452,25.596,517,13.0857,4.36216,517,99.5854,16.6811,517
0.20834,25.6139,518,14.7477,5.468,518,99.6726,17.6779,518
0.176223,25.6291,519,16.3151,6.70523,519,99.7495,18.6754,519
0.146305,25.642,520,17.7777,8.06548,520,99.8162,19.6736,520
0.118773,25.6525,521,19.1261,9.53966,521,99.8725,20.6724,521
0.0937972,25.6609,522,20.3519,11.118,522,99.9185,21.6716,522
0.0715344,25.6675,523,21.4472,12.7901,523,99.9543,22.6711,523
0.0521227,25.6724,524,22.4051,14.5452,524,99.9796,23.671,524
0.0356827,25.6759,525,23.2195,16.3717,525,99.9947,24.671,525
0.0223171,25.6781,526,23.8855,18.2579,526,99.9994,25.671,526
0.0121096,25.6795,527,24.3987,20.1917,527,99.9938,26.6711,527
0.00512492,25.6801,528,24.7559,22.1606,528,99.9778,27.671,528
0.00140846,25.6803,529,24.9549,24.1521,529,99.9515,28.6707,529
0.000985918,25.6802,530,24.9944,26.1534,530,99.9148,29.67,530
0.00386329,25.6803,531,24.874,28.1516,531,99.8678,30.669,531
0.0100268,25.6807,532,24.5945,30.134,532,99.8104,31.6674,532
0.0194427,25.6816,533,24.1576,32.0879,533,99.7427,32.6652,533
0.0320579,25.6834,534,23.5659,34.0006,534,99.6646,33.6623,534
0.0477996,25.6862,535,22.823,35.8599,535,99.5763,34.6587,535
0.0665759,25.6904,536,21.9335,37.6536,536,99.4776,35.6541,536
0.088276,25.6961,537,20.903,39.37,537,99.3686,36.6485,537
0.112771,25.7036,538,19.7379,40.9979,538,99.2493,37.6419,538
0.139914,25.7131,539,18.4455,42.5265,539,99.1198,38.634,539
0.16954,25.7248,540,17.0341,43.9456,540,98.98,39.6249,540
0.20147,25.7389,541,15.5126,45.2457,541,98.8299,40.6144,541
0.235507,25.7556,542,13.8909,46.4178,542,98.6697,41.6024,542
0.271442,25.775,543,12.1794,47.4539,543,98.4992,42.5889,543
0.309049,25.7973,544,10.3894,48.3467,544,98.3185,43.5736,544
0.348094,25.8226,545,8.53257,49.0899,545,98.1277,44.5566,545
0.388328,25.8511,546,6.62134,49.678,546,97.9267,45.5377,546
0.429497,25.8827,547,4.66851,50.1066,547,97.7155,46.5168,547
0.471334,25.9176,548,2.68729,50.3723,548,97.4943,47.4938,548
0.513569,25.9559,549,0.691215,50.4729,549,97.2629,48.4686,549
0.555927,25.9975,550,-1.30596,50.407,550,97.0215,49.4411,550
0.59813,26.0424,551,-3.29034,50.1748,551,96.7699,50.4112,551
0.639898,26.0907,552,-5.24799,49.7774,552,96.5084,51.3788,552
0.680956,26.1422,553,-7.16505,49.2171,553,96.2368,52.3439,553
0.721027,26.197,554,-9.02783,48.4974,554,95.9552,53.3062,554
0.759845,26.2549,555,-10.8229,47.623,555,95.6636,54.2657,555
0.797146,26.3158,556,-12.5372,46.5998,556,95.362,55.2224,556
0.832682,26.3796,557,-14.1582,45.4347,557,95.0505,56.176,557
0.866211,26.446,558,-15.6739,44.136,558,94.7291,57.1265,558
0.897508,26.515,559,-17.0731,42.7128,559,94.3977,58.0738,559
0.926365,26.5863,560,-18.3454,41.1752,560,94.0565,59.0178,560
0.95259,26.6597,561,-19.481,39.5343,561,93.7054,59.9584,561
0.97601,26.735,562,-20.4716,37.802,562,93.3444,60.8955,562
0.996476,26.8119,563,-21.3095,35.991,563,92.9737,61.829,563
1.01386,26.8901,564,-21.9884,34.1146,564,92.5931,62.7588,564
1.02806,26.9694,565,-22.5031,32.1867,565,92.2028,63.6848,565
1.03899,27.0495,566,-22.8496,30.2215,566,91.8028,64.6069,566
1.0466,27.1301,567,-23.0255,28.2337,567,91.393,65.525,567
1.05087,27.2109,568,-23.0292,26.238,568,90.9736,66.4389,568
1.05179,27.2915,569,-22.8608,24.2493,569,90.5445,67.3487,569
1.0494,27.3718,570,-22.5216,22.2824,570,90.1057,68.2542,570
1.04373,27.4514,571,-22.0143,20.3517,571,89.6574,69.1553,571
1.03488,27.5301,572,-21.3427,18.4717,572,89.1996,70.0519,572
1.02294,27.6074,573,-20.512,16.656,573,88.7322,70.9439,573
1.00804,27.6833,574,-19.5285,14.9181,574,88.2553,71.8312,574
0.990328,27.7575,575,-18.3997,13.2704,575,87.769,72.7137,575
0.969974,27.8296,576,-17.1341,11.725,576,87.2732,73.5913,576
0.947167,27.8995,577,-15.7412,10.2928,577,86.7681,74.464,577
0.922115,27.967,578,-14.2314,8.98396,578,86.2537,75.3316,578
0.895039,28.0319,579,-12.6157,7.80763,579,85.7299,76.194,579
0.866177,28.0941,580,-10.9061,6.7719,580,85.1969,77.0512,580
0.835776,28.1533,581,-9.11498,5.88379,581,84.6547,77.9029,581
0.804095,28.2095,582,-7.2552,5.14918,582,84.1034,78.7493,582
0.771397,28.2626,583,-5.34008,4.57281,583,83.5429,79.59,583
0.737955,28.3126,584,-3.38318,4.15826,584,82.9733,80.4252,584
0.704041,28.3593,585,-1.3982,3.90793,585,82.3947,81.2545,585
0.669932,28.4028,586,0.601057,3.82309,586,81.8072,82.0781,586
0.635901,28.443,587,2.60083,3.90381,587,81.2107,82.8957,587
0.602221,28.4799,588,4.5875,4.14908,588,80.6053,83.7072,588
0.569161,28.5137,589,6.54762,4.55675,589,79.9911,84.5126,589
0.536981,28.5444,590,8.4681,5.12362,590,79.3682,85.3118,590
0.505936,28.572,591,10.3362,5.84546,591,78.7365,86.1047,591
0.476272,28.5968,592,12.1396,6.71707,592,78.0962,86.8912,592
0.448223,28.6186,593,13.8665,7.73229,593,77.4472,87.6711,593
0.422012,28.6379,594,15.5058,8.88411,594,76.7898,88.4444,594
0.39785,28.6546,595,17.0468,10.1647,595,76.1238,89.2111,595
0.375933,28.669,596,18.4799,11.5653,596,75.4494,89.9709,596
0.356442,28.6812,597,19.7958,13.0768,597,74.7666,90.7238,597
0.339542,28.6915,598,20.9864,14.6891,598,74.0755,91.4697,598
0.325384,28.7001,599,22.0439,16.3917,599,73.3762,92.2085,599
0.314098,28.7071,600,22.962,18.1735,600,72.6687,92.9401,600
0.305799,28.7129,601,23.7348,20.023,601,71.953,93.6644,601
0.300582,28.7176,602,24.3575,21.9283,602,71.2293,94.3813,602
0.298524,28.7215,603,24.8262,23.8772,603,70.4976,95.0907,603
0.299683,28.7249,604,25.1381,25.8572,604,69.758,95.7925,604
0.304097,28.728,605,25.2912,27.8557,605,69.0105,96.4866,605
0.311785,28.7311,606,25.2844,29.8599,606,68.2552,97.1729,606
0.322746,28.7343,607,25.1179,31.857,607,67.4921,97.8514,607
0.336959,28.7381,608,24.7926,33.8342,608,66.7213,98.5218,608
0.354384,28.7426,609,24.3106,35.7788,609,65.943,99.1841,609
0.374961,28.748,610,23.6747,37.6785,610,65.1571,99.8383,610
0.39861,28.7547,611,22.8889,39.5207,611,64.3637,100.484,611
0.425233,28.7629,612,21.9582,41.2937,612,63.5629,101.122,612
0.454712,28.7728,613,20.8883,42.9858,613,62.7547,101.751,613
0.486911,28.7846,614,19.6861,44.5859,614,61.9393,102.371,614
0.521678,28.7985,615,18.359,46.0834,615,61.1167,102.983,615
0.558842,28.8148,616,16.9157,47.4682,616,60.287,103.586,616
0.598216,28.8336,617,15.3654,48.731,617,59.4501,104.18,617
0.639599,28.8551,618,13.7181,49.8632,618,58.6063,104.765,618
0.682775,28.8794,619,11.9847,50.8569,619,57.7556,105.341,619
0.727514,28.9068,620,10.1765,51.7052,620,56.8981,105.908,620
0.773575,28.9373,621,8.30561,52.4019,621,56.0339,106.466,621
0.820707,28.971,622,6.3845,52.942,622,55.1629,107.015,622
0.868648,29.008,623,4.42617,53.3214,623,54.2854,107.554,623
0.917132,29.0484,624,2.44399,53.537,624,53.4015,108.084,624
0.965883,29.0922,625,0.451592,53.587,625,52.5111,108.604,625
1.01463,29.1394,626,-1.53719,53.4706,626,51.6144,109.115,626
1.06308,29.1901,627,-3.50842,53.1881,627,50.7116,109.616,627
1.11096,29.2441,628,-5.44819,52.7411,628,49.8026,110.107,628
1.158,29.3015,629,-7.34266,52.1324,629,48.8876,110.589,629
1.20392,29.3621,630,-9.17825,51.3659,630,47.9667,111.06,630
1.24846,29.4258,631,-10.9416,50.4468,631,47.04,111.522,631
1.29135,29.4926,632,-12.62,49.3812,632,46.1076,111.973,632
1.33235,29.5623,633,-14.2009,48.1766,633,45.1696,112.415,633
1.37122,29.6347,634,-15.6728,46.8415,634,44.2261,112.846,634
1.40775,29.7096,635,-17.0246,45.3854,635,43.2772,113.266,635
1.44172,29.7869,636,-18.2462,43.8187,636,42.323,113.677,636
1.47296,29.8662,637,-19.3284,42.1528,637,41.3636,114.076,637
1.5013,29.9473,638,-20.263,40.3999,638,40.3991,114.465,638
1.52659,30.0301,639,-21.0429,38.5728,639,39.4297,114.844,639
1.54872,30.1142,640,-21.6622,36.6849,640,38.4554,115.212,640
1.56758,30.1993,641,-22.116,34.7504,641,37.4764,115.569,641
1.58312,30.2852,642,-22.4009,32.7835,642,36.4927,115.915,642
1.59528,30.3715,643,-22.5148,30.7988,643,35.5045,116.25,643
1.60404,30.458,644,-22.4566,28.8112,644,34.5119,116.574,644
1.60941,30.5444,645,-22.2269,26.8354,645,33.515,116.887,645
1.61143,30.6304,646,-21.8273,24.886,646,32.5139,117.188,646
1.61016,30.7157,647,-21.2608,22.9777,647,31.5087,117.479,647
1.60567,30.7999,648,-20.5319,21.1244,648,30.4996,117.757,648
1.59808,30.883,649,-19.6459,19.3397,649,29.4867,118.025,649
1.58752,30.9645,650,-18.6096,17.6369,650,28.47,118.281,650
1.57414,31.0442,651,-17.4307,16.0281,651,27.4498,118.525,651
1.55813,31.1219,652,-16.118,14.5251,652,26.426,118.758,652
1.53966,31.1974,653,-14.6813,13.1386,653,25.399,118.979,653
1.51896,31.2705,654,-13.1312,11.8785,654,24.3687,119.188,654
1.49625,31.3411,655,-11.4789,10.7534,655,23.3352,119.385,655
1.47177,31.4089,656,-9.73667,9.77136,656,22.2989,119.571,656
1.44577,31.4738,657,-7.91691,8.93889,657,21.2597,119.744,657
1.4185,31.5357,658,-6.0327,8.26156,658,20.2177,119.905,658
1.39024,31.5946,659,-4.09742,7.74379,659,19.1732,120.054,659
1.36126,31.6503,660,-2.12469,7.38879,660,18.1262,120.191,660
1.33182,31.7029,661,-0.128267,7.19862,661,17.0769,120.316,661
1.30221,31.7522,662,1.87803,7.17419,662,16.0255,120.429,662
1.2727,31.7984,663,3.88047,7.31523,663,14.972,120.529,663
1.24355,31.8414,664,5.86544,7.62038,664,13.9165,120.616,664
1.21504,31.8813,665,7.81959,8.08717,665,12.8593,120.691,665
1.18743,31.9182,666,9.72988,8.71204,666,11.8005,120.754,666
1.16095,31.9522,667,11.5837,9.49047,667,10.7402,120.804,667
1.13587,31.9832,668,13.3688,10.4169,668,9.67856,120.841,668
1.1124,32.0116,669,15.0737,11.4849,669,8.61571,120.866,669
1.09076,32.0375,670,16.6874,12.6872,670,7.55182,120.878,670
1.07117,32.0609,671,18.1994,14.0156,671,6.48703,120.878,671
1.05381,32.0821,672,19.6002,15.4613,672,5.42149,120.864,672
1.03886,32.1013,673,20.8809,17.0146,673,4.35535,120.838,673
1.02647,32.1187,674,22.0335,18.6655,674,3.28877,120.799,674
1.01679,32.1345,675,23.0507,20.4031,675,2.2219,120.747,675
1.00995,32.1489,676,23.9263,22.2162,676,1.15489,120.682,676
1.00605,32.1621,677,24.6548,24.0932,677,0.0879021,120.604,677
1.00519,32.1744,678,25.2316,26.022,678,-0.978901,120.513,678
1.00742,32.1861,679,25.6533,27.9903,679,-2.04536,120.41,679
1.0128,32.1974,680,25.9172,29.9855,680,-3.11132,120.293,680
1.02136,32.2085,681,26.0218,31.995,681,-4.1766,120.163,681
1.03311,32.2197,682,25.9664,34.006,682,-5.24105,120.02,682
1.04805,32.2312,683,25.7512,36.0056,683,-6.3045,119.864,683
1.06614,32.2434,684,25.3778,37.9812,684,-7.36678,119.695,684
1.08734,32.2565,685,24.8483,39.9201,685,-8.42772,119.512,685
1.11158,32.2706,686,24.1661,41.8099,686,-9.48715,119.317,686
1.13877,32.2862,687,23.3354,43.6383,687,-10.5449,119.108,687
1.16881,32.3033,688,22.3614,45.3937,688,-11.6008,118.886,688
1.20157,32.3222,689,21.2502,47.0645,689,-12.6546,118.651,689
1.23692,32.3432,690,20.0088,48.6398,690,-13.7063,118.403,690
1.27468,32.3664,691,18.6452,50.1091,691,-14.7555,118.142,691
1.31469,32.3921,692,17.168,51.4627,692,-15.8022,117.867,692
1.35675,32.4204,693,15.5868,52.6914,693,-16.8462,117.579,693
1.40066,32.4515,694,13.9119,53.7869,694,-17.8872,117.278,694
1.4462,32.4855,695,12.1542,54.7416,695,-18.9251,116.964,695
1.49312,32.5227,696,10.3253,55.5486,696,-19.9597,116.636,696
1.54119,32.563,697,8.43743,56.2024,697,-20.9909,116.295,697
1.59015,32.6066,698,6.50328,56.6981,698,-22.0184,115.941,698
1.63973,32.6536,699,4.53598,57.0319,699,-23.0421,115.574,699
1.68967,32.7041,700,2.549,57.2011,700,-24.0617,115.193,700
1.73968,32.7579,701,0.556083,57.2042,701,-25.0772,114.799,701
1.78949,32.8153,702,-1.42886,57.0408,702,-26.0883,114.392,702
1.83881,32.876,703,-3.39186,56.7117,703,-27.0948,113.972,703
1.88737,32.9402,704,-5.31896,56.2188,704,-28.0966,113.539,704
1.93489,33.0078,705,-7.19636,55.5653,705,-29.0935,113.092,705
1.98109,33.0786,706,-9.0105,54.7555,706,-30.0853,112.632,706
2.02571,33.1525,707,-10.7482,53.7949,707,-31.0718,112.159,707
2.06849,33.2295,708,-12.3966,52.6903,708,-32.0529,111.674,708
2.10919,33.3093,709,-13.9437,51.4495,709,-33.0284,111.175,709
2.14757,33.3918,710,-15.3779,50.0812,710,-33.9981,110.663,710
2.18342,33.4767,711,-16.6885,48.5955,711,-34.9618,110.138,711
2.21654,33.5639,712,-17.8658,47.003,712,-35.9194,109.6,712
2.24675,33.6532,713,-18.9007,45.3156,713,-36.8706,109.05,713
2.2739,33.7442,714,-19.7856,43.5455,714,-37.8154,108.487,714
2.29784,33.8368,715,-20.5138,41.706,715,-38.7535,107.911,715
2.31847,33.9306,716,-21.0796,39.8107,716,-39.6846,107.322,716
2.33569,34.0253,717,-21.4788,37.8737,717,-40.6088,106.721,717
2.34946,34.1207,718,-21.7085,35.9095,718,-41.5257,106.108,718
2.35972,34.2165,719,-21.7669,33.9327,719,-42.4351,105.482,719
2.36647,34.3124,720,-21.6535,31.9581,720,-43.337,104.844,720
2.36973,34.4081,721,-21.3694,30.0004,721,-44.231,104.193,721
2.36953,34.5032,722,-20.9166,28.0742,722,-45.1171,103.531,722
2.36596,34.5976,723,-20.2987,26.1938,723,-45.995,102.856,723
2.35908,34.6909,724,-19.5204,24.373,724,-46.8646,102.17,724
2.34904,34.7828,725,-18.5876,22.6252,725,-47.7256,101.472,725
2.33596,34.8731,726,-17.5073,20.9632,726,-48.5778,100.761,726
2.32,34.9616,727,-16.2876,19.3991,727,-49.4212,100.04,727
2.30134,35.0481,728,-14.9376,17.9442,728,-50.2554,99.3063,728
2.28018,35.1322,729,-13.4673,16.6088,729,-51.0804,98.5615,729
2.25674,35.2139,730,-11.8874,15.4024,730,-51.8959,97.8054,730
2.23124,35.293,731,-10.2096,14.3334,731,-52.7017,97.038,731
2.20393,35.3692,732,-8.44586,13.4093,732,-53.4977,96.2594,732
2.17505,35.4426,733,-6.60893,12.6364,733,-54.2837,95.4698,733
2.14486,35.5129,734,-4.71188,12.0198,734,-55.0595,94.6693,734
2.11364,35.5802,735,-2.76811,11.5636,735,-55.8249,93.858,735
2.08165,35.6442,736,-0.791229,11.2706,736,-56.5797,93.036,736
2.04917,35.7051,737,1.20503,11.1426,737,-57.3238,92.2035,737
2.01646,35.7628,738,3.20691,11.1801,738,-58.0571,91.3605,738
1.98381,35.8173,739,5.20075,11.3826,739,-58.7792,90.5072,739
1.95147,35.8686,740,7.17304,11.7484,740,-59.4901,89.6438,740
1.91972,35.9168,741,9.11052,12.2747,741,-60.1896,88.7704,741
1.8888,35.962,742,11.0003,12.9578,742,-60.8775,87.8871,742
1.85897,36.0042,743,12.8299,13.7928,743,-61.5537,86.994,743
1.83047,36.0436,744,14.5872,14.7739,744,-62.218,86.0913,744
1.80352,36.0803,745,16.2608,15.8946,745,-62.8702,85.1793,745
1.77833,36.1145,746,17.84,17.1472,746,-63.5102,84.2579,746
1.75512,36.1463,747,19.3144,18.5233,747,-64.1378,83.3273,747
1.73407,36.1758,748,20.6747,20.014,748,-64.7529,82.3879,748
1.71534,36.2034,749,21.9123,21.6095,749,-65.3554,81.4396,749
1.6991,36.2292,750,23.0192,23.2993,750,-65.945,80.4826,750
1.68548,36.2534,751,23.9886,25.0726,751,-66.5216,79.5172,751
1.6746,36.2762,752,24.8142,26.9179,752,-67.0852,78.5434,752
1.66657,36.2979,753,25.491,28.8234,753,-67.6356,77.5616,753
1.66146,36.3187,754,26.0146,30.777,754,-68.1725,76.5718,754
1.65935,36.3389,755,26.3819,32.7662,755,-68.696,75.5742,755
1.66028,36.3587,756,26.5904,34.7784,756,-69.2058,74.5691,756
1.66427,36.3784,757,26.6389,36.8007,757,-69.7019,73.5565,757
1.67133,36.3982,758,26.5271,38.8204,758,-70.1841,72.5368,758
1.68144,36.4184,759,26.2556,40.8245,759,-70.6524,71.51,759
1.69457,36.4392,760,25.8261,42.8004,760,-71.1065,70.4765,760
1.71067,36.4609,761,25.2413,44.7354,761,-71.5464,69.4363,761
1.72966,36.4838,762,24.5047,46.617,762,-71.972,68.3897,762
1.75144,36.508,763,23.6209,48.4333,763,-72.3831,67.3369,763
1.77592,36.5338,764,22.5956,50.1724,764,-72.7798,66.2781,764
1.80295,36.5614,765,21.4352,51.8231,765,-73.1618,65.2136,765
1.83238,36.5911,766,20.1469,53.3746,766,-73.5291,64.1434,766
1.86407,36.623,767,18.7391,54.8165,767,-73.8815,63.0679,767
1.89781,36.6573,768,17.2207,56.1395,768,-74.2191,61.9873,768
1.93342,36.6943,769,15.6016,57.3344,769,-74.5417,60.9017,769
1.97068,36.734,770,13.8923,58.3934,770,-74.8492,59.8114,770
2.00937,36.7766,771,12.1039,59.309,771,-75.1416,58.7167,771
2.04925,36.8223,772,10.2483,60.0749,772,-75.4188,57.6177,772
2.09008,36.8711,773,8.33795,60.6857,773,-75.6807,56.5147,773
2.13159,36.9232,774,6.38555,61.1369,774,-75.9272,55.4079,774
2.17353,36.9785,775,4.40438,61.4251,775,-76.1584,54.2975,775
2.21561,37.0372,776,2.40797,61.5481,776,-76.374,53.1838,776
2.25757,37.0992,777,0.410099,61.5046,777,-76.5741,52.067,777
2.29913,37.1646,778,-1.57534,61.2947,778,-76.7587,50.9473,778
2.34,37.2334,779,-3.5344,60.9194,779,-76.9276,49.8251,779
2.3799,37.3054,780,-5.45322,60.3811,780,-77.0808,48.7004,780
2.41858,37.3806,781,-7.3181,59.6833,781,-77.2182,47.5736,781
2.45574,37.4589,782,-9.11562,58.8307,782,-77.3399,46.445,782
2.49115,37.5403,783,-10.8327,57.8292,783,-77.4458,45.3146,783
2.52453,37.6245,784,-12.4569,56.6858,784,-77.5358,44.1828,784
2.55565,37.7113,785,-13.9761,55.4085,785,-77.6099,43.0499,785
2.5843,37.8007,786,-15.3792,54.0067,786,-77.6681,41.916,786
2.61025,37.8924,787,-16.6557,52.4903,787,-77.7103,40.7814,787
2.63332,37.9861,788,-17.796,50.8705,788,-77.7366,39.6463,788
2.65333,38.0817,789,-18.7916,49.1593,789,-77.7468,38.5111,789
2.67014,38.1788,790,-19.635,47.3692,790,-77.7411,37.3758,790
2.68362,38.2773,791,-20.3197,45.5136,791,-77.7193,36.2408,791
2.69366,38.3768,792,-20.8408,43.6064,792,-77.6814,35.1063,792
2.70019,38.477,793,-21.1941,41.6618,793,-77.6276,33.9725,793
2.70315,38.5777,794,-21.3772,39.6944,794,-77.5576,32.8397,794
2.70253,38.6785,795,-21.3887,37.719,795,-77.4717,31.708,795
2.6983,38.7792,796,-21.2287,35.7504,796,-77.3698,30.5777,796
2.69052,38.8794,797,-20.8984,33.8034,797,-77.2519,29.4491,797
2.67922,38.9789,798,-20.4004,31.8925,798,-77.118,28.3223,798
2.66449,39.0774,799,-19.7388,30.0319,799,-76.9682,27.1976,799
2.64643,39.1745,800,-18.9187,28.2354,800,-76.8025,26.0752,800
2.62517,39.2701,801,-17.9463,26.5163,801,-76.6211,24.9554,801
2.60085,39.3639,802,-16.8291,24.8872,802,-76.4239,23.8383,802
2.57366,39.4556,803,-15.5756,23.3598,803,-76.2109,22.7241,803
2.54376,39.545,804,-14.1953,21.9451,804,-75.9824,21.6132,804
2.51138,39.6319,805,-12.6984,20.6533,805,-75.7383,20.5057,805
2.47674,39.7161,806,-11.096,19.4934,806,-75.4788,19.4019,806
2.44007,39.7975,807,-9.39996,18.4735,807,-75.2038,18.302,807
2.40162,39.8759,808,-7.62252,17.6005,808,-74.9136,17.2062,808
2.36164,39.9512,809,-5.77653,16.8804,809,-74.6081,16.1147,809
2.32041,40.0234,810,-3.87516,16.3178,810,-74.2874,15.0278,810
2.27819,40.0922,811,-1.93187,15.9164,811,-73.9518,13.9456,811
2.23525,40.1577,812,0.0397091,15.6785,812,-73.6012,12.8685,812
2.19187,40.2199,813,2.0259,15.6056,813,-73.2357,11.7966,813
2.14833,40.2787,814,4.01302,15.6977,814,-72.8555,10.7301,814
2.10489,40.3342,815,5.98753,15.9538,815,-72.4606,9.66932,815
2.06182,40.3864,816,7.93607,16.372,816,-72.0512,8.6144,816
2.0194,40.4354,817,9.84559,16.9491,817,-71.6273,7.56557,817
1.97786,40.4811,818,11.7034,17.681,818,-71.1891,6.52303,818
1.93746,40.5239,819,13.4972,18.5626,819,-70.7367,5.48701,819
1.89843,40.5637,820,15.2152,19.5878,820,-70.2701,4.4577,820
1.861,40.6006,821,16.8462,20.7497,821,-69.7896,3.43531,821
1.82539,40.635,822,18.3798,22.0406,822,-69.2952,2.42003,822
1.79179,40.6668,823,19.806,23.4521,823,-68.787,1.41207,823
1.76038,40.6964,824,21.1155,24.9747,824,-68.2652,0.411619,824
1.73133,40.7238,825,22.3002,26.5987,825,-67.7299,-0.581128,825
1.7048,40.7494,826,23.3523,28.3137,826,-67.1813,-1.56598,826
1.68092,40.7733,827,24.2652,30.1085,827,-66.6193,-2.54276,827
1.65982,40.7957,828,25.033,31.9717,828,-66.0443,-3.51128,828
1.64158,40.8169,829,25.6509,33.8915,829,-65.4563,-4.47136,829
1.62629,40.8371,830,26.1148,35.8556,830,-64.8554,-5.42282,830
1.61402,40.8566,831,26.4216,37.8516,831,-64.2419,-6.3655,831
1.6048,40.8757,832,26.5695,39.8668,832,-63.6158,-7.29921,832
1.59866,40.8945,833,26.5571,41.8885,833,-62.9773,-8.2238,833
1.59561,40.9133,834,26.3845,43.9037,834,-62.3265,-9.13909,834
1.59562,40.9325,835,26.0526,45.8996,835,-61.6637,-10.0449,835
1.59866,40.9521,836,25.5633,47.8636,836,-60.9888,-10.9412,836
1.60467,40.9726,837,24.9195,49.7829,837,-60.3022,-11.8277,837
1.61358,40.9941,838,24.1249,51.6453,838,-59.604,-12.7042,838
1.62528,41.0169,839,23.1846,53.4387,839,-58.8942,-13.5708,839
1.63968,41.0412,840,22.1042,55.1514,840,-58.1732,-14.4271,840
1.65663,41.0673,841,20.8906,56.7721,841,-57.441,-15.2731,841
1.67599,41.0953,842,19.5512,58.2903,842,-56.6978,-16.1086,842
1.69758,41.1254,843,18.0947,59.6956,843,-55.9438,-16.9335,843
1.72122,41.1579,844,16.5302,60.9788,844,-55.1791,-17.7477,844
1.74672,41.1929,845,14.8679,62.1311,845,-54.404,-18.551,845
1.77385,41.2305,846,13.1185,63.1445,846,-53.6186,-19.3434,846
1.80239,41.271,847,11.2936,64.0119,847,-52.823,-20.1247,847
1.8321,41.3144,848,9.40527,64.7274,848,-52.0175,-20.8947,848
1.86274,41.3608,849,7.46601,65.2856,849,-51.2022,-21.6535,849
1.89403,41.4103,850,5.48894,65.6825,850,-50.3773,-22.4008,850
1.92572,41.4631,851,3.48749,65.915,851,-49.543,-23.1366,851
1.95752,41.519,852,1.47537,65.9812,852,-48.6995,-23.8608,852
1.98917,41.5781,853,-0.533505,65.8804,853,-47.8469,-24.5733,853
2.02039,41.6405,854,-2.52513,65.6128,854,-46.9855,-25.2739,854
2.0509,41.706,855,-4.4855,65.18,855,-46.1154,-25.9627,855
2.08042,41.7747,856,-6.40074,64.585,856,-45.2368,-26.6394,856
2.10868,41.8464,857,-8.25717,63.8316,857,-44.3499,-27.3041,857
2.13541,41.9211,858,-10.0415,62.925,858,-43.4549,-27.9566,858
2.16037,41.9985,859,-11.7407,61.8715,859,-42.552,-28.5969,859
2.1833,42.0787,860,-13.3425,60.6786,860,-41.6413,-29.2249,860
2.20397,42.1613,861,-14.8352,59.3548,861,-40.7231,-29.8405,861
2.22217,42.2462,862,-16.2078,57.9097,862,-39.7975,-30.4437,862
2.23769,42.3333,863,-17.4501,56.3538,863,-38.8648,-31.0344,863
2.25035,42.4221,864,-18.5531,54.6984,864,-37.9251,-31.6124,864
2.25999,42.5126,865,-19.5085,52.9558,865,-36.9787,-32.1779,865
2.26648,42.6045,866,-20.3092,51.1389,866,-36.0256,-32.7306,866
2.26969,42.6975,867,-20.9494,49.2612,867,-35.0662,-33.2706,867
2.26953,42.7912,868,-21.4243,47.3366,868,-34.1005,-33.7978,868
2.26594,42.8855,869,-21.7305,45.3794,869,-33.1289,-34.3121,869
2.25887,42.98,870,-21.8659,43.4044,870,-32.1514,-34.8136,870
2.24831,43.0745,871,-21.8295,41.4262,871,-31.1683,-35.302,871
2.23427,43.1686,872,-21.6219,39.4595,872,-30.1797,-35.7775,872
2.21679,43.262,873,-21.2448,37.5191,873,-29.1859,-36.2399,873
2.19593,43.3545,874,-20.7012,35.6192,874,-28.187,-36.6892,874
2.17178,43.4458,875,-19.9954,33.7739,875,-27.1832,-37.1254,875
2.14444,43.5355,876,-19.133,31.9967,876,-26.1748,-37.5484,876
2.11406,43.6236,877,-18.1205,30.3008,877,-25.1618,-37.9582,877
2.0808,43.7096,878,-16.9657,28.6983,878,-24.1445,-38.3548,878
2.04482,43.7934,879,-15.6775,27.2008,879,-23.1231,-38.7381,879
2.00632,43.8747,880,-14.2654,25.8191,880,-22.0976,-39.1081,880
1.96552,43.9534,881,-12.74,24.5629,881,-21.0684,-39.4648,881
1.92264,44.0292,882,-11.1126,23.441,882,-20.0356,-39.8081,882
1.87793,44.1021,883,-9.39513,22.4612,883,-18.9994,-40.1381,883
1.83164,44.1719,884,-7.60012,21.63,884,-17.9598,-40.4547,884
1.78402,44.2385,885,-5.74052,20.9531,885,-16.9172,-40.7579,885
1.73534,44.3018,886,-3.82961,20.4349,886,-15.8716,-41.0477,886
1.68589,44.3617,887,-1.88095,20.0785,887,-14.8233,-41.3241,887
1.63592,44.4181,888,0.0917945,19.8862,888,-13.7724,-41.5871,888
1.58573,44.4712,889,2.07488,19.8588,889,-12.7191,-41.8367,889
1.53558,44.5208,890,4.05462,19.9961,890,-11.6635,-42.073,890
1.48574,44.567,891,6.01749,20.2969,891,-10.6058,-42.2959,891
1.43649,44.6099,892,7.9502,20.7586,892,-9.54626,-42.5055,892
1.38809,44.6494,893,9.83974,21.378,893,-8.48494,-42.7017,893
1.34079,44.6858,894,11.6735,22.1505,894,-7.42203,-42.8847,894
1.29482,44.7191,895,13.4395,23.0707,895,-6.35772,-43.0544,895
1.25044,44.7494,896,15.1259,24.1322,896,-5.29218,-43.2108,896
1.20785,44.777,897,16.7219,25.3279,897,-4.22556,-43.3541,897
1.16728,44.8018,898,18.2171,26.6496,898,-3.15803,-43.4841,898
1.1289,44.8242,899,19.6018,28.0888,899,-2.08978,-43.6011,899
1.0929,44.8443,900,20.8672,29.6358,900,-1.02095,-43.7049,900
1.05945,44.8623,901,22.0052,31.2806,901,0.0482757,-43.7957,901
1.02869,44.8785,902,23.0085,33.0125,902,1.11774,-43.8734,902
1.00075,44.893,903,23.8708,34.8205,903,2.18728,-43.9381,903
0.975741,44.906,904,24.5864,36.6928,904,3.25672,-43.9899,904
0.95376,44.9179,905,25.1509,38.6176,905,4.32592,-44.0288,905
0.934879,44.9289,906,25.5605,40.5826,906,5.3947,-44.0547,906
0.919155,44.9392,907,25.8126,42.5752,907,6.46292,-44.0679,907
0.906622,44.949,908,25.9055,44.5828,908,7.53041,-44.0682,908
0.897298,44.9587,909,25.8384,46.5926,909,8.59702,-44.0558,909
0.891179,44.9685,910,25.6116,48.5919,910,9.66259,-44.0307,910
0.888243,44.9786,911,25.2262,50.5678,911,10.727,-43.9929,911
0.888447,44.9893,912,24.6845,52.5077,912,11.79,-43.9425,912
0.891727,45.0008,913,23.9897,54.3991,913,12.8516,-43.8795,913
0.898004,45.0134,914,23.1459,56.2299,914,13.9115,-43.804,914
0.907175,45.0274,915,22.1583,57.988,915,14.9696,-43.716,915
0.919121,45.0429,916,21.0328,59.6619,916,16.0259,-43.6156,916
0.933705,45.0602,917,19.7766,61.2407,917,17.08,-43.5028,917
0.950771,45.0795,918,18.3973,62.7138,918,18.1319,-43.3777,918
0.970146,45.101,919,16.9038,64.0713,919,19.1815,-43.2403,919
0.991642,45.1248,920,15.3054,65.3039,920,20.2286,-43.0907,920
1.01505,45.1512,921,13.6126,66.4032,921,21.2731,-42.929,921
1.04016,45.1803,922,11.8362,67.3614,922,22.3149,-42.7551,922
1.06674,45.2122,923,9.98785,68.1718,923,23.3537,-42.5693,923
1.09454,45.2471,924,8.07986,68.8286,924,24.3895,-42.3714,924
1.12332,45.2851,925,6.12492,69.3267,925,25.4222,-42.1616,925
1.1528,45.3261,926,4.13623,69.6624,926,26.4516,-41.94,926
1.18271,45.3704,927,2.1273,69.8329,927,27.4776,-41.7066,927
1.2128,45.4179,928,0.111953,69.8365,928,28.5001,-41.4615,928
1.24276,45.4686,929,-1.89584,69.673,929,29.5189,-41.2047,929
1.27234,45.5225,930,-3.88202,69.3428,930,30.5339,-40.9363,930
1.30124,45.5796,931,-5.83258,68.8481,931,31.5451,-40.6565,931
1.32919,45.6398,932,-7.73362,68.1918,932,32.5522,-40.3652,932
1.35591,45.703,933,-9.57152,67.3785,933,33.5552,-40.0625,933
1.38116,45.7692,934,-11.333,66.4135,934,34.554,-39.7485,934
1.40466,45.8381,935,-13.0052,65.3036,935,35.5484,-39.4233,935
1.42617,45.9097,936,-14.576,64.0566,936,36.5383,-39.087,936
1.44547,45.9837,937,-16.0337,62.6814,937,37.5237,-38.7396,937
1.46235,46.06,938,-17.3677,61.1879,938,38.5043,-38.3812,938
1.47659,46.1384,939,-18.568,59.587,939,39.4802,-38.0119,939
1.48804,46.2185,940,-19.6257,57.8904,940,40.4512,-37.6318,940
1.49653,46.3002,941,-20.533,56.1106,941,41.4171,-37.241,941
1.50192,46.3832,942,-21.2832,54.2608,942,42.378,-36.8395,942
1.50412,46.4672,943,-21.8708,52.3547,943,43.3336,-36.4274,943
1.50303,46.5519,944,-22.2914,50.4065,944,44.2838,-36.0048,944
1.49859,46.6371,945,-22.5421,48.4308,945,45.2287,-35.5718,945
1.49078,46.7224,946,-22.6211,46.4421,946,46.168,-35.1286,946
1.47958,46.8076,947,-22.5281,44.4554,947,47.1018,-34.675,947
1.46502,46.8924,948,-22.264,42.4854,948,48.0297,-34.2114,948
1.44714,46.9764,949,-21.831,40.5466,949,48.9519,-33.7377,949
1.42601,47.0594,950,-21.2328,38.6535,950,49.8682,-33.254,950
1.40173,47.1412,951,-20.4739,36.8198,951,50.7784,-32.7605,951
1.37442,47.2214,952,-19.5604,35.059,952,51.6826,-32.2571,952
1.34422,47.2997,953,-18.4992,33.3838,953,52.5805,-31.7441,953
1.31129,47.3761,954,-17.2987,31.8063,954,53.4722,-31.2215,954
1.27582,47.4501,955,-15.9678,30.3376,955,54.3575,-30.6894,955
1.238,47.5217,956,-14.5165,28.9883,956,55.2363,-30.1478,956
1.19806,47.5906,957,-12.9556,27.7677,957,56.1085,-29.5969,957
1.15623,47.6567,958,-11.2968,26.6841,958,56.9741,-29.0368,958
1.11275,47.7198,959,-9.55199,25.7451,959,57.833,-28.4675,959
1.06786,47.7797,960,-7.73391,24.9567,960,58.685,-27.8892,960
1.02185,47.8365,961,-5.85559,24.3241,961,59.5302,-27.3019,961
0.974961,47.89,962,-3.93038,23.8514,962,60.3683,-26.7057,962
0.92748,47.9402,963,-1.97184,23.5414,963,61.1993,-26.1007,963
0.879677,47.9869,964,0.00637865,23.3958,964,62.0232,-25.4871,964
0.831827,48.0303,965,1.99058,23.4151,965,62.8398,-24.8648,965
0.784203,48.0703,966,3.96717,23.5989,966,63.6491,-24.234,966
0.737073,48.107,967,5.92271,23.9453,967,64.4509,-23.5948,967
0.690703,48.1404,968,7.84402,24.4518,968,65.2453,-22.9472,968
0.64535,48.1706,969,9.71827,25.1145,969,66.0321,-22.2913,969
0.601264,48.1977,970,11.533,25.9286,970,66.8112,-21.6273,970
0.558684,48.2218,971,13.2763,26.8885,971,67.5827,-20.9552,971
0.51784,48.243,972,14.9367,27.9875,972,68.3463,-20.2751,972
0.478947,48.2615,973,16.5034,29.2181,973,69.1021,-19.5871,973
0.442209,48.2775,974,17.9664,30.5722,974,69.85,-18.8913,974
0.407816,48.291,975,19.3161,32.0406,975,70.5899,-18.1878,975
0.37594,48.3025,976,20.544,33.6138,976,71.3217,-17.4766,976
0.34674,48.3119,977,21.6421,35.2814,977,72.0455,-16.7579,977
0.320356,48.3196,978,22.6035,37.0326,978,72.761,-16.0318,978
0.296911,48.3258,979,23.4221,38.8561,979,73.4684,-15.2983,979
0.27651,48.3308,980,24.0926,40.7401,980,74.1675,-14.5576,980
0.25924,48.3346,981,24.6107,42.6726,981,74.8582,-13.8097,981
0.245168,48.3377,982,24.9731,44.6412,982,75.5406,-13.0548,982
0.234342,48.3402,983,25.1775,46.6333,983,76.2145,-12.2929,983
0.226791,48.3425,984,25.2223,48.6363,984,76.88,-11.5241,984
0.222524,48.3447,985,25.1072,50.6372,985,77.5369,-10.7487,985
0.221529,48.3472,986,24.8328,52.6233,986,78.1852,-9.96653,986
0.223778,48.3501,987,24.4005,54.5819,987,78.8249,-9.17786,987
0.229218,48.3538,988,23.813,56.5003,988,79.4559,-8.38274,988
0.23778,48.3585,989,23.0738,58.3662,989,80.0781,-7.58128,989
0.249375,48.3644,990,22.1873,60.1674,990,80.6916,-6.77359,990
0.263895,48.3717,991,21.159,61.8922,991,81.2962,-5.95976,991
0.281213,48.3808,992,19.9952,63.5291,992,81.8919,-5.1399,992
0.301184,48.3918,993,18.7033,65.0674,993,82.4787,-4.31411,993
0.323647,48.4049,994,17.2912,66.4968,994,83.0565,-3.48249,994
0.348423,48.4203,995,15.768,67.8075,995,83.6253,-2.64514,995
0.375317,48.4382,996,14.1435,68.9906,996,84.185,-1.80216,996
0.404119,48.4588,997,12.4281,70.0378,997,84.7356,-0.953653,997
0.434607,48.4821,998,10.633,70.9418,998,85.277,-0.0997176,998
0.466545,48.5085,999,8.76998,71.6962,999,85.8092,0.759547,999
0.499686,48.5378,1000,6.85148,72.2952,1000,86.3321,1.62404,1000
