5e-05,0,0,99.995,1,0
0.000199995,1e-06,0,99.98,1.9999,0
0.000449971,3.99991e-06,0,99.955,2.9996,0
0.000799902,9.99946e-06,0,99.92,3.999,0
0.00124975,1.99981e-05,0,99.875,4.998,0
0.00179949,3.49949e-05,0,99.8201,5.9965,0
0.00244904,5.59885e-05,0,99.7551,6.9944,0
0.00319835,8.39769e-05,0,99.6802,7.9916,0
0.00404735,0.000119958,0,99.5953,8.988,0
0.00499596,0.000164927,0,99.5004,9.98351,0
0.00604407,0.000219882,0,99.3956,10.978,0
0.00719159,0.000285816,0,99.2808,11.9714,0
0.00843841,0.000363724,0,99.1562,12.9636,0
0.0097844,0.000454599,0,99.0216,13.9545,0
0.0112294,0.000559432,0,98.8771,14.9441,0
0.0127734,0.000679213,0,98.7227,15.9321,0
0.014416,0.000814931,0,98.5584,16.9185,0
0.0161573,0.000967575,0,98.3843,17.9032,0
0.017997,0.00113813,0,98.2003,18.8862,0
0.0199349,0.00132758,0,98.0065,19.8672,0
0.0219708,0.00153691,0,97.8029,20.8463,0
0.0241047,0.00176709,0,97.5895,21.8233,0
0.0263361,0.00201912,0,97.3664,22.7981,0
0.028665,0.00229395,0,97.1335,23.7706,0
0.031091,0.00259258,0,96.8909,24.7407,0
0.033614,0.00291597,0,96.6386,25.7084,0
0.0362337,0.00326509,0,96.3766,26.6735,0
0.0389498,0.0036409,0,96.105,27.6359,0
0.0417621,0.00404439,0,95.8238,28.5956,0
0.0446704,0.0044765,0,95.533,29.5523,0
0.0476742,0.00493819,0,95.2326,30.5062,0
0.0507734,0.00543043,0,94.9227,31.457,0
0.0539675,0.00595418,0,94.6032,32.4046,0
0.0572564,0.00651037,0,94.2744,33.349,0
0.0606397,0.00709996,0,93.936,34.29,0
0.064117,0.0077239,0,93.5883,35.2276,0
0.067688,0.00838312,0,93.2312,36.1617,0
0.0713523,0.00907857,0,92.8648,37.0921,0
0.0751097,0.00981119,0,92.489,38.0189,0
0.0789597,0.0105819,0,92.104,38.9418,0
0.0829019,0.0113916,0,91.7098,39.8608,0
0.0869359,0.0122413,0,91.3064,40.7759,0
0.0910615,0.0131319,0,90.8939,41.6868,0
0.095278,0.0140642,0,90.4722,42.5936,0
0.0995853,0.0150392,0,90.0415,43.4961,0
0.103983,0.0160579,0,89.6017,44.3942,0
0.10847,0.017121,0,89.153,45.2879,0
0.113046,0.0182296,0,88.6954,46.177,0
0.117712,0.0193845,0,88.2288,47.0615,0
0.122466,0.0205866,0,87.7534,47.9413,0
0.127307,0.0218368,0,87.2692,48.8163,0
0.132237,0.023136,0,86.7763,49.6864,0
0.137253,0.0244851,0,86.2747,50.5515,0
0.142356,0.0258848,0,85.7644,51.4115,0
0.147544,0.0273362,0,85.2455,52.2664,0
0.152819,0.0288401,0,84.7181,53.116,0
0.158178,0.0303973,0,84.1822,53.9603,0
0.163621,0.0320086,0,83.6378,54.7991,0
0.169149,0.0336751,0,83.0851,55.6325,0
0.17476,0.0353973,0,82.524,56.4603,0
0.180453,0.0371764,0,81.9547,57.2824,0
0.186229,0.0390129,0,81.3771,58.0987,0
0.192087,0.0409079,0,80.7913,58.9092,0
0.198025,0.042862,0,80.1975,59.7138,0
0.204044,0.0448762,0,79.5956,60.5124,0
0.210143,0.0469512,0,78.9857,61.3049,0
0.216321,0.0490879,0,78.3679,62.0912,0
0.222578,0.051287,0,77.7422,62.8713,0
0.228913,0.0535494,0,77.1087,63.6451,0
0.235325,0.0558758,0,76.4675,64.4124,0
0.241814,0.0582669,0,75.8186,65.1733,0
0.248379,0.0607237,0,75.1621,65.9276,0
0.25502,0.0632469,0,74.498,66.6753,0
0.261735,0.0658371,0,73.8265,67.4163,0
0.268525,0.0684953,0,73.1475,68.1505,0
0.275388,0.0712221,0,72.4612,68.8778,0
0.282324,0.0740182,0,71.7676,69.5982,0
0.289332,0.0768845,0,71.0668,70.3116,0
0.296411,0.0798216,0,70.3589,71.0178,0
0.303561,0.0828303,0,69.6439,71.717,0
0.310781,0.0859112,0,68.9219,72.4089,0
0.31807,0.0890652,0,68.193,73.0935,0
0.325428,0.0922929,0,67.4572,73.7707,0
0.332853,0.095595,0,66.7147,74.4405,0
0.340346,0.0989721,0,65.9654,75.1028,0
0.347905,0.102425,0,65.2095,75.7575,0
0.355529,0.105954,0,64.4471,76.4046,0
0.363218,0.109561,0,63.6781,77.0439,0
0.370972,0.113245,0,62.9028,77.6755,0
0.378788,0.117008,0,62.1212,78.2992,0
0.386667,0.12085,0,61.3333,78.915,0
0.394608,0.124771,0,60.5392,79.5229,0
0.402609,0.128773,0,59.7391,80.1227,0
0.41067,0.132856,0,58.9329,80.7144,0
0.418791,0.13702,0,58.1209,81.298,0
0.42697,0.141267,0,57.303,81.8733,0
0.435207,0.145596,0,56.4793,82.4404,0
0.443501,0.150009,0,55.6499,82.9991,0
0.45185,0.154506,0,54.815,83.5494,0
0.460255,0.159087,0,53.9745,84.0913,0
0.468714,0.163753,0,53.1286,84.6247,0
0.477226,0.168505,0,52.2774,85.1495,0
0.485791,0.173343,0,51.4209,85.6657,0
0.494407,0.178268,0,50.5593,86.1732,0
0.503074,0.183281,0,49.6926,86.672,0
0.511792,0.188381,0,48.8208,87.162,0
0.520558,0.193569,0,47.9442,87.6431,0
0.529372,0.198846,0,47.0628,88.1154,0
0.538234,0.204213,0,46.1766,88.5788,0
0.547142,0.209669,0,45.2858,89.0331,0
0.556096,0.215215,0,44.3904,89.4785,0
0.565094,0.220853,0,43.4906,89.9147,0
0.574136,0.226581,0,42.5864,90.3419,0
0.58322,0.232402,0,41.678,90.7598,0
0.592347,0.238314,0,40.7653,91.1686,0
0.601514,0.244319,0,39.8486,91.5681,0
0.610721,0.250417,0,38.9279,91.9583,0
0.619968,0.256608,0,38.0032,92.3392,0
0.629252,0.262893,0,37.0748,92.7107,0
0.638573,0.269273,0,36.1426,93.0727,0
0.647931,0.275747,0,35.2069,93.4253,0
0.657324,0.282316,0,34.2676,93.7684,0
0.666751,0.28898,0,33.3249,94.102,0
0.676212,0.29574,0,32.3788,94.426,0
0.685705,0.302596,0,31.4295,94.7404,0
0.695229,0.309549,0,30.4771,95.0451,0
0.704784,0.316598,0,29.5216,95.3402,0
0.714368,0.323744,0,28.5632,95.6256,0
0.72398,0.330988,0,27.602,95.9012,0
0.73362,0.338329,0,26.638,96.1671,0
0.743287,0.345768,0,25.6713,96.4232,0
0.752979,0.353306,0,24.7021,96.6694,0
0.762695,0.360942,0,23.7305,96.9058,0
0.772435,0.368677,0,22.7565,97.1323,0
0.782198,0.37651,0,21.7802,97.3489,0
0.791982,0.384444,0,20.8018,97.5556,0
0.801786,0.392476,0,19.8214,97.7524,0
0.81161,0.400609,0,18.839,97.9391,0
0.821453,0.408841,0,17.8547,98.1159,0
0.831313,0.417173,0,16.8687,98.2827,0
0.841189,0.425606,0,15.8811,98.4394,0
0.851081,0.43414,0,14.8919,98.586,0
0.860987,0.442774,0,13.9013,98.7226,0
0.870907,0.451508,0,12.9093,98.8491,0
0.880838,0.460344,0,11.9162,98.9656,0
0.890782,0.469281,0,10.9218,99.0718,0
0.900735,0.47832,0,9.92648,99.168,0
0.910698,0.487459,0,8.93019,99.254,0
0.920669,0.496701,0,7.93309,99.3299,0
0.930647,0.506043,0,6.93526,99.3956,0
0.940632,0.515488,0,5.93682,99.4512,0
0.950621,0.525034,0,4.93786,99.4966,0
0.960615,0.534682,0,3.93849,99.5317,0
0.970612,0.544432,0,2.93881,99.5567,0
0.980611,0.554284,0,1.93894,99.5715,0
0.99061,0.564238,0,0.93896,99.5761,0
1.00061,0.574294,0,-0.0610116,99.5705,0
1.01061,0.584452,0,-1.06087,99.5547,0
1.02061,0.594712,0,-2.06052,99.5287,0
1.0306,0.605074,0,-3.05985,99.4925,0
1.04059,0.615538,0,-4.05876,99.4461,0
1.05057,0.626104,0,-5.05714,99.3895,0
1.06055,0.636772,0,-6.0549,99.3227,0
1.07052,0.647542,0,-7.05191,99.2458,0
1.08048,0.658414,0,-8.04809,99.1586,0
1.09043,0.669387,0,-9.04333,99.0612,0
1.10038,0.680462,0,-10.0375,98.9537,0
1.11031,0.691639,0,-11.0306,98.8361,0
1.12022,0.702917,0,-12.0223,98.7083,0
1.13013,0.714297,0,-13.0128,98.5703,0
1.14002,0.725777,0,-14.0017,98.4222,0
1.14989,0.737359,0,-14.9891,98.2641,0
1.15975,0.749042,0,-15.9748,98.0958,0
1.16959,0.760826,0,-16.9588,97.9174,0
1.17941,0.77271,0,-17.9408,97.729,0
1.18921,0.784694,0,-18.9209,97.5305,0
1.19899,0.796779,0,-19.8989,97.322,0
1.20875,0.808964,0,-20.8748,97.1035,0
1.21848,0.821249,0,-21.8483,96.875,0
1.22819,0.833634,0,-22.8194,96.6366,0
1.23788,0.846118,0,-23.7881,96.3882,0
1.24754,0.858701,0,-24.7541,96.1299,0
1.25717,0.871383,0,-25.7174,95.8616,0
1.26678,0.884164,0,-26.678,95.5836,0
1.27636,0.897043,0,-27.6356,95.2957,0
1.2859,0.91002,0,-28.5902,94.9979,0
1.29542,0.923095,0,-29.5418,94.6904,0
1.3049,0.936268,0,-30.4901,94.3732,0
1.31435,0.949537,0,-31.4351,94.0462,0
1.32377,0.962904,0,-32.3767,93.7096,0
1.33315,0.976367,0,-33.3148,93.3633,0
1.34249,0.989926,0,-34.2493,93.0073,0
1.3518,1.00358,0,-35.1801,92.6418,0
1.36107,1.01733,0,-36.1071,92.2668,0
1.3703,1.03118,0,-37.0301,91.8822,0
1.37949,1.04512,0,-37.9492,91.4882,0
1.38864,1.05915,0,-38.8642,91.0847,0
1.39775,1.07328,0,-39.775,90.6719,0
1.40681,1.0875,0,-40.6814,90.2497,0
1.41584,1.10182,0,-41.5835,89.8182,0
1.42481,1.11622,0,-42.4811,89.3775,0
1.43374,1.13072,0,-43.3742,88.9275,0
1.44263,1.14532,0,-44.2625,88.4684,0
1.45146,1.16,0,-45.1461,88.0002,0
1.46025,1.17477,0,-46.0248,87.5228,0
1.46899,1.18963,0,-46.8985,87.0365,0
1.47767,1.20459,0,-47.7672,86.5412,0
1.48631,1.21963,0,-48.6307,86.0369,0
1.49489,1.23476,0,-49.489,85.5238,0
1.50342,1.24998,0,-50.342,85.0019,0
1.5119,1.26529,0,-51.1895,84.4712,0
1.52032,1.28068,0,-52.0315,83.9318,0
1.52868,1.29616,0,-52.868,83.3838,0
1.53699,1.31173,0,-53.6987,82.8271,0
1.54524,1.32738,0,-54.5236,82.2619,0
1.55343,1.34312,0,-55.3427,81.6883,0
1.56156,1.35894,0,-56.1558,81.1062,0
1.56963,1.37484,0,-56.9628,80.5157,0
1.57764,1.39083,0,-57.7637,79.917,0
1.58558,1.4069,0,-58.5584,79.31,0
1.59347,1.42305,0,-59.3468,78.6949,0
1.60129,1.43928,0,-60.1287,78.0716,0
1.60904,1.4556,0,-60.9042,77.4403,0
1.61673,1.47199,0,-61.6732,76.801,0
1.62435,1.48846,0,-62.4355,76.1538,0
1.63191,1.50501,0,-63.191,75.4988,0
1.6394,1.52164,0,-63.9398,74.836,0
1.64682,1.53834,0,-64.6817,74.1655,0
1.65417,1.55513,0,-65.4166,73.4874,0
1.66144,1.57198,0,-66.1444,72.8017,0
1.66865,1.58891,0,-66.8651,72.1085,0
1.67579,1.60592,0,-67.5786,71.4079,0
1.68285,1.623,0,-68.2849,70.6999,0
1.68984,1.64015,0,-68.9837,69.9847,0
1.69675,1.65738,0,-69.6751,69.2623,0
1.70359,1.67467,0,-70.3591,68.5328,0
1.71035,1.69204,0,-71.0354,67.7962,0
1.71704,1.70947,0,-71.7041,67.0527,0
1.72365,1.72698,0,-72.365,66.3023,0
1.73018,1.74455,0,-73.0181,65.5451,0
1.73663,1.76219,0,-73.6634,64.7812,0
1.74301,1.77989,0,-74.3007,64.0106,0
1.7493,1.79766,0,-74.93,63.2335,0
1.75551,1.8155,0,-75.5512,62.4499,0
1.76164,1.8334,0,-76.1642,61.6599,0
1.76769,1.85136,0,-76.7691,60.8636,0
1.77366,1.86939,0,-77.3656,60.0611,0
1.77954,1.88747,0,-77.9538,59.2524,0
1.78534,1.90562,0,-78.5336,58.4377,0
1.79105,1.92383,0,-79.105,57.617,0
1.79668,1.94209,0,-79.6677,56.7904,0
1.80222,1.96042,0,-80.2219,55.958,0
1.80767,1.9788,0,-80.7674,55.12,0
1.81304,1.99724,0,-81.3042,54.2763,0
1.81832,2.01573,0,-81.8322,53.4271,0
1.82351,2.03427,0,-82.3514,52.5725,0
1.82862,2.05287,0,-82.8617,51.7125,0
1.83363,2.07153,0,-83.363,50.8473,0
1.83855,2.09023,0,-83.8554,49.9769,0
1.84339,2.10898,0,-84.3386,49.1015,0
1.84813,2.12779,0,-84.8128,48.2211,0
1.85278,2.14664,0,-85.2778,47.3358,0
1.85734,2.16554,0,-85.7336,46.4458,0
1.8618,2.18449,0,-86.1801,45.551,0
1.86617,2.20348,0,-86.6173,44.6517,0
1.87045,2.22252,0,-87.0451,43.7479,0
1.87464,2.2416,0,-87.4636,42.8397,0
1.87873,2.26073,0,-87.8726,41.9272,0
1.88272,2.27989,0,-88.272,41.0105,0
1.88662,2.2991,0,-88.662,40.0897,0
1.89042,2.31835,0,-89.0423,39.1649,0
1.89413,2.33764,0,-89.413,38.2362,0
1.89774,2.35696,0,-89.7741,37.3037,0
1.90125,2.37632,0,-90.1255,36.3675,0
1.90467,2.39572,0,-90.467,35.4277,0
1.90799,2.41515,0,-90.7989,34.4844,0
1.91121,2.43462,0,-91.1209,33.5376,0
1.91433,2.45412,0,-91.433,32.5877,0
1.91735,2.47365,0,-91.7353,31.6345,0
1.92028,2.49322,0,-92.0276,30.6782,0
1.9231,2.51281,0,-92.31,29.7189,0
1.92582,2.53243,0,-92.5823,28.7568,0
1.92845,2.55208,0,-92.8447,27.7918,0
1.93097,2.57176,0,-93.097,26.8242,0
1.93339,2.59146,0,-93.3393,25.854,0
1.93571,2.61118,0,-93.5714,24.8814,0
1.93793,2.63093,0,-93.7934,23.9064,0
1.94005,2.65071,0,-94.0053,22.9291,0
1.94207,2.6705,0,-94.207,21.9497,0
1.94398,2.69032,0,-94.3985,20.9683,0
1.9458,2.71015,0,-94.5798,19.9849,0
1.94751,2.73,0,-94.7508,18.9997,0
1.94912,2.74987,0,-94.9116,18.0127,0
1.95062,2.76976,0,-95.0621,17.0241,0
1.95202,2.78966,0,-95.2023,16.034,0
1.95332,2.80957,0,-95.3323,15.0426,0
1.95452,2.8295,0,-95.4519,14.0498,0
1.95561,2.84944,0,-95.5611,13.0558,0
1.9566,2.86939,0,-95.66,12.0607,0
1.95749,2.88935,0,-95.7486,11.0647,0
1.95827,2.90932,0,-95.8268,10.0678,0
1.95895,2.9293,0,-95.8946,9.07015,0
1.95952,2.94928,0,-95.9521,8.07184,0
1.95999,2.96927,0,-95.9991,7.07299,0
1.96036,2.98926,0,-96.0358,6.0737,0
1.96062,3.00926,0,-96.062,5.07408,0
1.96078,3.02926,0,-96.0779,4.07424,0
1.96083,3.04926,0,-96.0833,3.0743,0
1.96078,3.06925,0,-96.0784,2.07435,0
1.96063,3.08925,0,-96.063,1.0745,0
1.96037,3.10925,0,-96.0373,0.0748719,0
1.96001,3.12924,0,-96.0012,-0.924437,0
1.95955,3.14923,0,-95.9546,-1.92332,0
1.95898,3.16921,0,-95.8977,-2.92166,0
1.9583,3.18919,0,-95.8304,-3.91935,0
1.95753,3.20916,0,-95.7527,-4.91629,0
1.95665,3.22912,0,-95.6646,-5.91237,0
1.95566,3.24907,0,-95.5662,-6.90747,0
1.95457,3.26901,0,-95.4575,-7.9015,0
1.95338,3.28894,0,-95.3384,-8.89435,0
1.95209,3.30886,0,-95.209,-9.8859,0
1.95069,3.32876,0,-95.0692,-10.8761,0
1.94919,3.34865,0,-94.9192,-11.8647,0
1.94759,3.36852,0,-94.7589,-12.8517,0
1.94588,3.38837,0,-94.5884,-13.837,0
1.94408,3.4082,0,-94.4076,-14.8205,0
1.94217,3.42802,0,-94.2166,-15.8021,0
1.94015,3.44781,0,-94.0154,-16.7816,0
1.93804,3.46759,0,-93.8041,-17.759,0
1.93583,3.48734,0,-93.5826,-18.7341,0
1.93351,3.50707,0,-93.3509,-19.7068,0
1.93109,3.52677,0,-93.1092,-20.6771,0
1.92857,3.54645,0,-92.8573,-21.6449,0
1.92595,3.5661,0,-92.5955,-22.6099,0
1.92324,3.58572,0,-92.3236,-23.5722,0
1.92042,3.60531,0,-92.0417,-24.5316,0
1.9175,3.62488,0,-91.7499,-25.4881,0
1.91448,3.64441,0,-91.4481,-26.4414,0
1.91136,3.66391,0,-91.1365,-27.3916,0
1.90815,3.68338,0,-90.815,-28.3384,0
1.90484,3.70282,0,-90.4836,-29.2819,0
1.90142,3.72222,0,-90.1425,-30.2219,0
1.89792,3.74158,0,-89.7916,-31.1583,0
1.89431,3.76091,0,-89.4311,-32.091,0
1.89061,3.7802,0,-89.0608,-33.0199,0
1.88681,3.79945,0,-88.6809,-33.9449,0
1.88291,3.81866,0,-88.2915,-34.8659,0
1.87892,3.83783,0,-87.8925,-35.7828,0
1.87484,3.85695,0,-87.4839,-36.6955,0
1.87066,3.87604,0,-87.066,-37.6039,0
1.86638,3.89508,0,-86.6386,-38.5079,0
1.86202,3.91407,0,-86.2018,-39.4075,0
1.85756,3.93302,0,-85.7558,-40.3025,0
1.853,3.95193,0,-85.3005,-41.1927,0
1.84836,3.97078,0,-84.8359,-42.0782,0
1.84362,3.98959,0,-84.3622,-42.9589,0
1.83879,4.00834,0,-83.8794,-43.8346,0
1.83387,4.02705,0,-83.3875,-44.7052,0
1.82887,4.0457,0,-82.8866,-45.5707,0
1.82377,4.06431,0,-82.3768,-46.4309,0
1.81858,4.08286,0,-81.858,-47.2858,0
1.8133,4.10135,0,-81.3304,-48.1352,0
1.80794,4.11979,0,-80.7941,-48.9792,0
1.80249,4.13817,0,-80.249,-49.8175,0
1.79695,4.1565,0,-79.6952,-50.6502,0
1.79133,4.17477,0,-79.1329,-51.477,0
1.78562,4.19298,0,-78.562,-52.298,0
1.77982,4.21113,0,-77.9826,-53.113,0
1.77395,4.22922,0,-77.3948,-53.922,0
1.76799,4.24725,0,-76.7987,-54.7248,0
1.76194,4.26521,0,-76.1942,-55.5214,0
1.75581,4.28312,0,-75.5816,-56.3117,0
1.74961,4.30095,0,-74.9608,-57.0956,0
1.74332,4.31873,0,-74.3319,-57.8731,0
1.73695,4.33644,0,-73.6949,-58.644,0
1.7305,4.35408,0,-73.0501,-59.4082,0
1.72397,4.37166,0,-72.3973,-60.1658,0
1.71737,4.38916,0,-71.7368,-60.9165,0
1.71068,4.4066,0,-71.0685,-61.6604,0
1.70392,4.42397,0,-70.3925,-62.3973,0
1.69709,4.44127,0,-69.709,-63.1271,0
1.69018,4.4585,0,-69.0179,-63.8499,0
1.68319,4.47565,0,-68.3194,-64.5655,0
1.67613,4.49274,0,-67.6136,-65.2738,0
1.669,4.50975,0,-66.9004,-65.9747,0
1.6618,4.52668,0,-66.1801,-66.6683,0
1.65452,4.54354,0,-65.4526,-67.3543,0
1.64718,4.56033,0,-64.718,-68.0328,0
1.63976,4.57704,0,-63.9765,-68.7037,0
1.63228,4.59367,0,-63.2281,-69.3669,0
1.62473,4.61022,0,-62.4728,-70.0223,0
1.61711,4.6267,0,-61.7109,-70.6699,0
1.60942,4.64309,0,-60.9423,-71.3095,0
1.60167,4.65941,0,-60.1671,-71.9412,0
1.59385,4.67565,0,-59.3854,-72.5649,0
1.58597,4.6918,0,-58.5974,-73.1804,0
1.57803,4.70788,0,-57.803,-73.7878,0
1.57002,4.72387,0,-57.0024,-74.387,0
1.56196,4.73978,0,-56.1956,-74.9778,0
1.55383,4.7556,0,-55.3828,-75.5603,0
1.54564,4.77134,0,-54.5641,-76.1344,0
1.53739,4.787,0,-53.7394,-76.7,0
1.52909,4.80257,0,-52.909,-77.2571,0
1.52073,4.81805,0,-52.0729,-77.8056,0
1.51231,4.83345,0,-51.2311,-78.3454,0
1.50384,4.84876,0,-50.3839,-78.8765,0
1.49531,4.86399,0,-49.5312,-79.3989,0
1.48673,4.87912,0,-48.6731,-79.9124,0
1.4781,4.89417,0,-47.8098,-80.4171,0
1.46941,4.90913,0,-46.9414,-80.9128,0
1.46068,4.92399,0,-46.0679,-81.3996,0
1.45189,4.93877,0,-45.1895,-81.8774,0
1.44306,4.95346,0,-44.3061,-82.3461,0
1.43418,4.96805,0,-43.418,-82.8057,0
1.42525,4.98256,0,-42.5252,-83.2561,0
1.41628,4.99697,0,-41.6278,-83.6973,0
1.40726,5.01129,0,-40.726,-84.1292,0
1.3982,5.02552,0,-39.8197,-84.5519,0
1.38909,5.03965,0,-38.9091,-84.9652,0
1.37994,5.05369,0,-37.9944,-85.3691,0
1.37075,5.06763,0,-37.0755,-85.7636,0
1.36152,5.08148,0,-36.1526,-86.1486,0
1.35226,5.09524,0,-35.2258,-86.5241,0
1.34295,5.1089,0,-34.2952,-86.8901,0
1.33361,5.12246,0,-33.3609,-87.2465,0
1.32423,5.13593,0,-32.423,-87.5933,0
1.31481,5.1493,0,-31.4815,-87.9304,0
1.30537,5.16258,0,-30.5367,-88.2578,0
1.29588,5.17575,0,-29.5885,-88.5756,0
1.28637,5.18883,0,-28.6372,-88.8835,0
1.27683,5.20182,0,-27.6827,-89.1817,0
1.26725,5.2147,0,-26.7252,-89.4701,0
1.25765,5.22748,0,-25.7648,-89.7487,0
1.24801,5.24017,0,-24.8016,-90.0174,0
1.23836,5.25276,0,-23.8357,-90.2762,0
1.22867,5.26525,0,-22.8672,-90.5251,0
1.21896,5.27764,0,-21.8962,-90.764,0
1.20923,5.28993,0,-20.9227,-90.993,0
1.19947,5.30212,0,-19.947,-91.212,0
1.18969,5.31421,0,-18.9691,-91.421,0
1.17989,5.3262,0,-17.9891,-91.6199,0
1.17007,5.33809,0,-17.0072,-91.8089,0
1.16023,5.34987,0,-16.0233,-91.9877,0
1.15038,5.36156,0,-15.0377,-92.1565,0
1.1405,5.37315,0,-14.0504,-92.3152,0
1.13061,5.38463,0,-13.0615,-92.4638,0
1.12071,5.39602,0,-12.0711,-92.6022,0
1.11079,5.4073,0,-11.0794,-92.7305,0
1.10086,5.41848,0,-10.0864,-92.8487,0
1.09092,5.42956,0,-9.09229,-92.9567,0
1.08097,5.44054,0,-8.09711,-93.0545,0
1.07101,5.45142,0,-7.10097,-93.1422,0
1.06104,5.46219,0,-6.10399,-93.2197,0
1.05106,5.47287,0,-5.10627,-93.287,0
1.04108,5.48344,0,-4.10792,-93.3441,0
1.03109,5.49391,0,-3.10903,-93.391,0
1.0211,5.50427,0,-2.10972,-93.4277,0
1.0111,5.51454,0,-1.11008,-93.4542,0
1.0011,5.5247,0,-0.110229,-93.4705,0
0.991101,5.53476,0,0.889739,-93.4766,0
0.981102,5.54472,0,1.88972,-93.4725,0
0.971103,5.55458,0,2.8896,-93.4582,0
0.961106,5.56433,0,3.88929,-93.4337,0
0.951112,5.57399,0,4.88868,-93.399,0
0.941122,5.58354,0,5.88766,-93.3541,0
0.931137,5.59299,0,6.88613,-93.2991,0
0.921159,5.60233,0,7.88399,-93.2339,0
0.911187,5.61158,0,8.88114,-93.1585,0
0.901224,5.62073,0,9.87746,-93.073,0
0.89127,5.62977,0,10.8729,-92.9773,0
0.881326,5.63871,0,11.8672,-92.8715,0
0.871394,5.64755,0,12.8605,-92.7556,0
0.861474,5.65629,0,13.8525,-92.6296,0
0.851567,5.66493,0,14.8432,-92.4935,0
0.841674,5.67347,0,15.8324,-92.3473,0
0.831797,5.68191,0,16.8202,-92.1911,0
0.821936,5.69024,0,17.8062,-92.0248,0
0.812093,5.69848,0,18.7906,-91.8485,0
0.802268,5.70662,0,19.7731,-91.6622,0
0.792463,5.71466,0,20.7536,-91.466,0
0.782677,5.72259,0,21.7321,-91.2598,0
0.772914,5.73043,0,22.7085,-91.0437,0
0.763173,5.73817,0,23.6826,-90.8176,0
0.753455,5.74581,0,24.6543,-90.5817,0
0.743762,5.75336,0,25.6237,-90.336,0
0.734094,5.7608,0,26.5905,-90.0804,0
0.724453,5.76815,0,27.5546,-89.815,0
0.714839,5.77539,0,28.516,-89.5398,0
0.705253,5.78255,0,29.4745,-89.2549,0
0.695697,5.7896,0,30.4301,-88.9603,0
0.686171,5.79656,0,31.3827,-88.656,0
0.676677,5.80342,0,32.3322,-88.3421,0
0.667215,5.81018,0,33.2784,-88.0186,0
0.657786,5.81685,0,34.2213,-87.6855,0
0.648391,5.82342,0,35.1607,-87.3429,0
0.639032,5.8299,0,36.0967,-86.9907,0
0.629708,5.83629,0,37.029,-86.6291,0
0.620422,5.84258,0,37.9576,-86.2581,0
0.611174,5.84877,0,38.8824,-85.8777,0
0.601965,5.85488,0,39.8034,-85.4879,0
0.592796,5.86089,0,40.7203,-85.0889,0
0.583667,5.8668,0,41.6331,-84.6806,0
0.57458,5.87263,0,42.5418,-84.2631,0
0.565536,5.87836,0,43.4462,-83.8364,0
0.556536,5.884,0,44.3462,-83.4006,0
0.54758,5.88955,0,45.2418,-82.9557,0
0.53867,5.89501,0,46.1328,-82.5017,0
0.529806,5.90038,0,47.0192,-82.0388,0
0.520989,5.90567,0,47.9009,-81.567,0
0.51222,5.91086,0,48.7778,-81.0863,0
0.503501,5.91596,0,49.6498,-80.5967,0
0.494831,5.92098,0,50.5167,-80.0983,0
0.486212,5.92591,0,51.3786,-79.5913,0
0.477645,5.93075,0,52.2354,-79.0755,0
0.46913,5.93551,0,53.0869,-78.5511,0
0.460668,5.94018,0,53.933,-78.0182,0
0.452261,5.94476,0,54.7737,-77.4767,0
0.443909,5.94926,0,55.609,-76.9268,0
0.435612,5.95368,0,56.4386,-76.3685,0
0.427373,5.95801,0,57.2625,-75.8018,0
0.419191,5.96227,0,58.0807,-75.2269,0
0.411067,5.96643,0,58.8931,-74.6437,0
0.403003,5.97052,0,59.6995,-74.0524,0
0.394999,5.97453,0,60.5,-73.453,0
0.387055,5.97845,0,61.2943,-72.8455,0
0.379173,5.9823,0,62.0825,-72.2301,0
0.371353,5.98606,0,62.8645,-71.6067,0
0.363597,5.98975,0,63.6401,-70.9755,0
0.355905,5.99336,0,64.4094,-70.3366,0
0.348277,5.9969,0,65.1721,-69.6899,0
0.340715,6.00035,0,65.9283,-69.0356,0
0.333219,6.00373,0,66.6779,-68.3736,0
0.32579,6.00704,0,67.4208,-67.7042,0
0.318429,6.01027,0,68.1569,-67.0274,0
0.311137,6.01343,0,68.8862,-66.3431,0
0.303913,6.01651,0,69.6085,-65.6516,0
0.29676,6.01953,0,70.3239,-64.9528,0
0.289677,6.02247,0,71.0322,-64.2468,0
0.282665,6.02534,0,71.7333,-63.5338,0
0.275726,6.02813,0,72.4272,-62.8138,0
0.268859,6.03087,0,73.1139,-62.0868,0
0.262066,6.03353,0,73.7932,-61.3529,0
0.255347,6.03612,0,74.4651,-60.6123,0
0.248703,6.03865,0,75.1295,-59.8649,0
0.242134,6.04111,0,75.7864,-59.1109,0
0.235641,6.0435,0,76.4357,-58.3504,0
0.229225,6.04583,0,77.0773,-57.5833,0
0.222887,6.0481,0,77.7112,-56.8099,0
0.216626,6.0503,0,78.3372,-56.0301,0
0.210444,6.05244,0,78.9554,-55.2441,0
0.204341,6.05452,0,79.5657,-54.4519,0
0.198318,6.05653,0,80.168,-53.6536,0
0.192376,6.05849,0,80.7623,-52.8493,0
0.186514,6.06039,0,81.3484,-52.0391,0
0.180734,6.06223,0,81.9264,-51.223,0
0.175037,6.06401,0,82.4961,-50.4012,0
0.169422,6.06573,0,83.0576,-49.5737,0
0.16389,6.0674,0,83.6108,-48.7406,0
0.158443,6.06902,0,84.1556,-47.902,0
0.153079,6.07058,0,84.6919,-47.058,0
0.147801,6.07208,0,85.2197,-46.2086,0
0.142608,6.07354,0,85.739,-45.354,0
0.137501,6.07494,0,86.2497,-44.4943,0
0.13248,6.07629,0,86.7518,-43.6294,0
0.127547,6.07759,0,87.2451,-42.7596,0
0.122701,6.07884,0,87.7297,-41.8848,0
0.117943,6.08005,0,88.2056,-41.0053,0
0.113273,6.08121,0,88.6725,-40.121,0
0.108692,6.08232,0,89.1306,-39.2321,0
0.1042,6.08338,0,89.5798,-38.3386,0
0.0997986,6.0844,0,90.02,-37.4407,0
0.0954869,6.08538,0,90.4511,-36.5384,0
0.0912659,6.08632,0,90.8732,-35.6318,0
0.0871359,6.08721,0,91.2862,-34.7211,0
0.0830974,6.08806,0,91.6901,-33.8063,0
0.0791506,6.08887,0,92.0848,-32.8874,0
0.0752961,6.08964,0,92.4702,-31.9647,0
0.0715342,6.09038,0,92.8464,-31.0381,0
0.0678653,6.09107,0,93.2133,-30.1078,0
0.0642897,6.09174,0,93.5709,-29.1739,0
0.0608078,6.09236,0,93.9191,-28.2365,0
0.05742,6.09295,0,94.2578,-27.2956,0
0.0541264,6.09351,0,94.5872,-26.3514,0
0.0509276,6.09404,0,94.9071,-25.4039,0
0.0478238,6.09453,0,95.2175,-24.4533,0
0.0448153,6.09499,0,95.5183,-23.4996,0
0.0419024,6.09543,0,95.8096,-22.543,0
0.0390854,6.09583,0,96.0913,-21.5835,0
0.0363645,6.09621,0,96.3634,-20.6212,0
0.0337401,6.09656,0,96.6258,-19.6562,0
0.0312123,6.09688,0,96.8786,-18.6887,0
0.0287815,6.09718,0,97.1217,-17.7187,0
0.0264479,6.09746,0,97.355,-16.7463,0
0.0242117,6.09771,0,97.5787,-15.7716,0
0.0220731,6.09794,0,97.7925,-14.7947,0
0.0200324,6.09815,0,97.9966,-13.8157,0
0.0180897,6.09834,0,98.1909,-12.8348,0
0.0162452,6.09852,0,98.3753,-11.8519,0
0.0144991,6.09867,0,98.5499,-10.8673,0
0.0128516,6.09881,0,98.7147,-9.8809,0
0.0113028,6.09893,0,98.8696,-8.89296,0
0.00985294,6.09903,0,99.0146,-7.90351,0
0.0085021,6.09912,0,99.1496,-6.91266,0
0.00725043,6.0992,0,99.2748,-5.92051,0
0.00609805,6.09927,0,99.3901,-4.92716,0
0.00504507,6.09932,0,99.4954,-3.9327,0
0.0040916,6.09937,0,99.5907,-2.93725,0
0.00323773,6.09941,0,99.6761,-1.94088,0
0.00248353,6.09943,0,99.7515,-0.943718,0
0.0018291,6.09945,0,99.8169,0.0541519,0
0.00127449,6.09947,0,99.8724,1.05263,0
0.000819751,6.09948,0,99.9179,2.05161,0
0.000464933,6.09949,0,99.9534,3.05099,0
0.000210071,6.09949,0,99.9789,4.05068,0
5.51879e-05,6.09949,0,99.9943,5.05057,0
2.99977e-07,6.09949,0,99.9998,6.05057,0
4.54124e-05,6.09949,0,99.9953,7.05058,0
0.000190521,6.09949,0,99.9808,8.05049,0
0.000435611,6.09949,0,99.9563,9.0502,0
0.000780658,6.0995,0,99.9218,10.0496,0
0.00122563,6.09951,0,99.8773,11.0486,0
0.00177048,6.09952,0,99.8228,12.0472,0
0.00241516,6.09955,0,99.7583,13.0451,0
0.0031596,6.09957,0,99.6839,14.0423,0
0.00400373,6.09961,0,99.5995,15.0388,0
0.00494748,6.09965,0,99.5051,16.0343,0
0.00599073,6.09971,0,99.4008,17.0289,0
0.0071334,6.09977,0,99.2865,18.0224,0
0.00837537,6.09985,0,99.1623,19.0146,0
0.00971652,6.09994,0,99.0282,20.0056,0
0.0111567,6.10004,0,98.8842,20.9952,0
0.0126958,6.10016,0,98.7303,21.9833,0
0.0143337,6.1003,0,98.5665,22.9698,0
0.0160701,6.10045,0,98.3928,23.9546,0
0.017905,6.10062,0,98.2094,24.9377,0
0.0198381,6.10081,0,98.016,25.9188,0
0.0218693,6.10102,0,97.8129,26.898,0
0.0239983,6.10125,0,97.6,27.8751,0
0.026225,6.1015,0,97.3773,28.85,0
0.0285491,6.10177,0,97.1449,29.8226,0
0.0309704,6.10207,0,96.9028,30.7929,0
0.0334887,6.10239,0,96.651,31.7607,0
0.0361037,6.10274,0,96.3895,32.7259,0
0.0388151,6.10311,0,96.1183,33.6884,0
0.0416228,6.10351,0,95.8376,34.6482,0
0.0445263,6.10394,0,95.5472,35.6051,0
0.0475255,6.1044,0,95.2473,36.5591,0
0.05062,6.1049,0,94.9379,37.51,0
0.0538096,6.10542,0,94.6189,38.4578,0
0.0570939,6.10597,0,94.2905,39.4024,0
0.0604725,6.10656,0,93.9526,40.3436,0
0.0639452,6.10718,0,93.6053,41.2814,0
0.0675117,6.10784,0,93.2487,42.2156,0
0.0711715,6.10853,0,92.8827,43.1462,0
0.0749243,6.10926,0,92.5074,44.0732,0
0.0787698,6.11003,0,92.1229,44.9963,0
0.0827075,6.11084,0,91.7291,45.9155,0
0.0867371,6.11169,0,91.3261,46.8307,0
0.0908582,6.11258,0,90.914,47.7419,0
0.0950704,6.11351,0,90.4928,48.6489,0
0.0993732,6.11448,0,90.0625,49.5516,0
0.103766,6.1155,0,89.6232,50.4499,0
0.108249,6.11656,0,89.175,51.3438,0
0.112821,6.11766,0,88.7177,52.2332,0
0.117482,6.11882,0,88.2516,53.1179,0
0.122232,6.12002,0,87.7767,53.998,0
0.127069,6.12126,0,87.2929,54.8732,0
0.131994,6.12256,0,86.8004,55.7435,0
0.137006,6.12391,0,86.2992,56.6088,0
0.142105,6.1253,0,85.7894,57.4691,0
0.14729,6.12675,0,85.2709,58.3242,0
0.15256,6.12825,0,84.7439,59.1741,0
0.157915,6.12981,0,84.2084,60.0186,0
0.163354,6.13142,0,83.6645,60.8578,0
0.168878,6.13308,0,83.1121,61.6914,0
0.174484,6.1348,0,82.5514,62.5194,0
0.180174,6.13658,0,81.9825,63.3418,0
0.185946,6.13841,0,81.4053,64.1585,0
0.191799,6.1403,0,80.82,64.9692,0
0.197734,6.14225,0,80.2265,65.7741,0
0.203749,6.14427,0,79.625,66.573,0
0.209844,6.14634,0,79.0155,67.3658,0
0.216018,6.14847,0,78.3981,68.1524,0
0.222271,6.15067,0,77.7728,68.9328,0
0.228602,6.15293,0,77.1397,69.7069,0
0.235011,6.15525,0,76.4988,70.4746,0
0.241496,6.15764,0,75.8503,71.2358,0
0.248057,6.16009,0,75.1941,71.9904,0
0.254694,6.16261,0,74.5304,72.7384,0
0.261406,6.1652,0,73.8593,73.4797,0
0.268192,6.16785,0,73.1807,74.2143,0
0.275052,6.17058,0,72.4947,74.9419,0
0.281984,6.17337,0,71.8015,75.6627,0
0.288988,6.17623,0,71.101,76.3764,0
0.296064,6.17917,0,70.3935,77.083,0
0.303211,6.18217,0,69.6788,77.7825,0
0.310428,6.18525,0,68.9571,78.4747,0
0.317713,6.1884,0,68.2286,79.1597,0
0.325068,6.19162,0,67.4931,79.8373,0
0.33249,6.19492,0,66.7509,80.5075,0
0.339979,6.19829,0,66.002,81.1701,0
0.347535,6.20174,0,65.2464,81.8252,0
0.355156,6.20527,0,64.4843,82.4726,0
0.362843,6.20887,0,63.7157,83.1124,0
0.370593,6.21255,0,62.9406,83.7443,0
0.378406,6.21631,0,62.1593,84.3684,0
0.386282,6.22015,0,61.3717,84.9846,0
0.394219,6.22407,0,60.578,85.5929,0
0.402218,6.22806,0,59.7781,86.1931,0
0.410277,6.23214,0,58.9723,86.7852,0
0.418394,6.2363,0,58.1605,87.3692,0
0.426571,6.24055,0,57.3428,87.9449,0
0.434805,6.24487,0,56.5194,88.5124,0
0.443096,6.24928,0,55.6904,89.0715,0
0.451442,6.25377,0,54.8557,89.6222,0
0.459844,6.25835,0,54.0155,90.1645,0
0.4683,6.26301,0,53.1699,90.6983,0
0.47681,6.26776,0,52.3189,91.2235,0
0.485372,6.27259,0,51.4627,91.7401,0
0.493986,6.27751,0,50.6013,92.2481,0
0.502651,6.28252,0,49.7348,92.7473,0
0.511366,6.28762,0,48.8633,93.2377,0
0.52013,6.2928,0,47.9869,93.7193,0
0.528942,6.29808,0,47.1057,94.192,0
0.537802,6.30344,0,46.2197,94.6558,0
0.546708,6.30889,0,45.3291,95.1106,0
0.555659,6.31443,0,44.434,95.5564,0
0.564655,6.32006,0,43.5344,95.9931,0
0.573695,6.32579,0,42.6304,96.4207,0
0.582777,6.3316,0,41.7222,96.8391,0
0.591902,6.33751,0,40.8097,97.2483,0
0.601067,6.34351,0,39.8932,97.6483,0
0.610272,6.34961,0,38.9727,98.039,0
0.619517,6.35579,0,38.0482,98.4203,0
0.628799,6.36207,0,37.12,98.7922,0
0.638119,6.36845,0,36.188,99.1547,0
0.647475,6.37492,0,35.2524,99.5078,0
0.656866,6.38148,0,34.3133,99.8514,0
0.666292,6.38814,0,33.3707,100.185,0
0.675751,6.3949,0,32.4248,100.51,0
0.685242,6.40175,0,31.4757,100.825,0
0.694765,6.4087,0,30.5234,101.13,0
0.704318,6.41574,0,29.5681,101.426,0
0.713901,6.42288,0,28.6098,101.711,0
0.723512,6.43012,0,27.6487,101.987,0
0.733151,6.43746,0,26.6848,102.254,0
0.742816,6.44489,0,25.7183,102.51,0
0.752507,6.45242,0,24.7492,102.757,0
0.762222,6.46006,0,23.7777,102.994,0
0.771961,6.46779,0,22.8038,103.221,0
0.781722,6.47562,0,21.8277,103.438,0
0.791505,6.48354,0,20.8494,103.645,0
0.801309,6.49157,0,19.869,103.842,0
0.811132,6.4997,0,18.8867,104.03,0
0.820973,6.50793,0,17.9025,104.207,0
0.830832,6.51625,0,16.9166,104.374,0
0.840708,6.52468,0,15.9291,104.531,0
0.850599,6.53321,0,14.94,104.679,0
0.860505,6.54184,0,13.9494,104.816,0
0.870424,6.55057,0,12.9575,104.943,0
0.880355,6.5594,0,11.9644,105.06,0
0.890298,6.56833,0,10.9701,105.166,0
0.900251,6.57737,0,9.97482,105.263,0
0.910213,6.5865,0,8.97858,105.35,0
0.920184,6.59574,0,7.98151,105.426,0
0.930162,6.60507,0,6.98371,105.492,0
0.940146,6.61451,0,5.9853,105.548,0
0.950135,6.62406,0,4.98636,105.594,0
0.960129,6.6337,0,3.98701,105.63,0
0.970125,6.64344,0,2.98734,105.655,0
0.980124,6.65329,0,1.98747,105.671,0
0.990124,6.66324,0,0.987496,105.676,0
1.00012,6.67329,0,-0.0124793,105.671,0
1.01012,6.68344,0,-1.01235,105.655,0
1.02012,6.6937,0,-2.01201,105.63,0
1.03011,6.70406,0,-3.01136,105.594,0
1.0401,6.71451,0,-4.01029,105.548,0
1.05009,6.72508,0,-5.00871,105.492,0
1.06006,6.73574,0,-6.00649,105.426,0
1.07003,6.7465,0,-7.00355,105.349,0
1.08,6.75737,0,-7.99977,105.263,0
1.08995,6.76834,0,-8.99506,105.166,0
1.09989,6.77941,0,-9.9893,105.059,0
1.10982,6.79058,0,-10.9824,104.942,0
1.11974,6.80185,0,-11.9742,104.814,0
1.12965,6.81323,0,-12.9647,104.677,0
1.13954,6.8247,0,-13.9538,104.529,0
1.14941,6.83628,0,-14.9412,104.371,0
1.15927,6.84796,0,-15.927,104.204,0
1.16911,6.85974,0,-16.9111,104.026,0
1.17893,6.87162,0,-17.8932,103.838,0
1.18873,6.8836,0,-18.8734,103.64,0
1.19851,6.89568,0,-19.8515,103.432,0
1.20827,6.90786,0,-20.8275,103.214,0
1.21801,6.92014,0,-21.8011,102.986,0
1.22772,6.93252,0,-22.7724,102.748,0
1.23741,6.945,0,-23.7411,102.5,0
1.24707,6.95758,0,-24.7073,102.242,0
1.25671,6.97025,0,-25.6708,101.974,0
1.26631,6.98303,0,-26.6314,101.697,0
1.27589,6.9959,0,-27.5892,101.409,0
1.28544,7.00888,0,-28.544,101.112,0
1.29496,7.02195,0,-29.4957,100.805,0
1.30444,7.03511,0,-30.4442,100.488,0
1.31389,7.04838,0,-31.3893,100.162,0
1.32331,7.06174,0,-32.3311,99.8257,0
1.33269,7.0752,0,-33.2694,99.4799,0
1.34204,7.08875,0,-34.2041,99.1244,0
1.35135,7.1024,0,-35.135,98.7594,0
1.36062,7.11615,0,-36.0622,98.3848,0
1.36985,7.12999,0,-36.9855,98.0007,0
1.37905,7.14393,0,-37.9047,97.6071,0
1.3882,7.15796,0,-38.8199,97.2041,0
1.39731,7.17208,0,-39.7309,96.7917,0
1.40637,7.1863,0,-40.6376,96.37,0
1.4154,7.20061,0,-41.5399,95.939,0
1.42438,7.21501,0,-42.4377,95.4987,0
1.43331,7.22951,0,-43.331,95.0492,0
1.44219,7.24409,0,-44.2196,94.5905,0
1.45103,7.25877,0,-45.1034,94.1227,0
1.45982,7.27354,0,-45.9823,93.6458,0
1.46856,7.2884,0,-46.8563,93.1599,0
1.47725,7.30335,0,-47.7252,92.665,0
1.48589,7.31839,0,-48.589,92.1612,0
1.49447,7.33351,0,-49.4476,91.6485,0
1.50301,7.34873,0,-50.3008,91.127,0
1.51148,7.36403,0,-51.1486,90.5968,0
1.51991,7.37942,0,-51.9909,90.0578,0
1.52827,7.3949,0,-52.8276,89.5102,0
1.53658,7.41046,0,-53.6586,88.9539,0
1.54484,7.42611,0,-54.4838,88.3892,0
1.55303,7.44184,0,-55.3031,87.8159,0
1.56116,7.45765,0,-56.1165,87.2342,0
1.56924,7.47356,0,-56.9238,86.6442,0
1.57725,7.48954,0,-57.7251,86.0459,0
1.5852,7.5056,0,-58.52,85.4393,0
1.59309,7.52175,0,-59.3087,84.8245,0
1.60091,7.53798,0,-60.091,84.2017,0
1.60867,7.55429,0,-60.8668,83.5708,0
1.61636,7.57068,0,-61.6361,82.9319,0
1.62399,7.58715,0,-62.3987,82.2851,0
1.63154,7.60369,0,-63.1546,81.6304,0
1.63904,7.62032,0,-63.9037,80.968,0
1.64646,7.63702,0,-64.6459,80.2979,0
1.65381,7.6538,0,-65.3812,79.6201,0
1.66109,7.67065,0,-66.1094,78.9348,0
1.6683,7.68758,0,-66.8304,78.242,0
1.67544,7.70458,0,-67.5443,77.5417,0
1.68251,7.72166,0,-68.2509,76.8342,0
1.6895,7.73881,0,-68.9501,76.1193,0
1.69642,7.75603,0,-69.6419,75.3972,0
1.70326,7.77332,0,-70.3262,74.6681,0
1.71003,7.79068,0,-71.0029,73.9319,0
1.71672,7.80811,0,-71.6719,73.1887,0
1.72333,7.82561,0,-72.3332,72.4386,0
1.72987,7.84318,0,-72.9867,71.6817,0
1.73632,7.86082,0,-73.6324,70.9181,0
1.7427,7.87852,0,-74.2701,70.1479,0
1.749,7.89629,0,-74.8997,69.3711,0
1.75521,7.91412,0,-75.5213,68.5878,0
1.76135,7.93202,0,-76.1348,67.7981,0
1.7674,7.94998,0,-76.74,67.0021,0
1.77337,7.968,0,-77.337,66.1999,0
1.77926,7.98608,0,-77.9256,65.3915,0
1.78506,8.00423,0,-78.5058,64.5771,0
1.79077,8.02243,0,-79.0776,63.7567,0
1.79641,8.04069,0,-79.6408,62.9304,0
1.80195,8.05901,0,-80.1954,62.0983,0
1.80741,8.07739,0,-80.7413,61.2606,0
1.81278,8.09583,0,-81.2785,60.4172,0
1.81807,8.11432,0,-81.807,59.5682,0
1.82326,8.13286,0,-82.3266,58.7139,0
1.82837,8.15145,0,-82.8373,57.8542,0
1.83339,8.1701,0,-83.3391,56.9892,0
1.83832,8.18881,0,-83.8318,56.1191,0
1.84315,8.20756,0,-84.3156,55.2439,0
1.8479,8.22636,0,-84.7902,54.3638,0
1.85255,8.24521,0,-85.2556,53.4787,0
1.85712,8.26411,0,-85.7118,52.5889,0
1.86159,8.28305,0,-86.1588,51.6944,0
1.86596,8.30204,0,-86.5965,50.7953,0
1.87025,8.32108,0,-87.0248,49.8917,0
1.87444,8.34016,0,-87.4437,48.9837,0
1.87853,8.35928,0,-87.8531,48.0714,0
1.88253,8.37845,0,-88.253,47.1549,0
1.88643,8.39766,0,-88.6434,46.2343,0
1.89024,8.4169,0,-89.0243,45.3097,0
1.89395,8.43619,0,-89.3955,44.3812,0
1.89757,8.45551,0,-89.757,43.4489,0
1.90109,8.47487,0,-90.1088,42.5128,0
1.90451,8.49427,0,-90.4509,41.5732,0
1.90783,8.5137,0,-90.7832,40.6301,0
1.91106,8.53316,0,-91.1057,39.6835,0
1.91418,8.55266,0,-91.4183,38.7337,0
1.91721,8.57219,0,-91.721,37.7807,0
1.92014,8.59175,0,-92.0138,36.8245,0
1.92297,8.61135,0,-92.2967,35.8654,0
1.92569,8.63097,0,-92.5696,34.9034,0
1.92832,8.65061,0,-92.8324,33.9386,0
1.93085,8.67029,0,-93.0852,32.9711,0
1.93328,8.68999,0,-93.328,32.0011,0
1.9356,8.70971,0,-93.5606,31.0286,0
1.93783,8.72946,0,-93.7831,30.0537,0
1.93995,8.74923,0,-93.9955,29.0765,0
1.94198,8.76903,0,-94.1977,28.0972,0
1.9439,8.78884,0,-94.3897,27.1159,0
1.94571,8.80867,0,-94.5715,26.1326,0
1.94743,8.82852,0,-94.743,25.1474,0
1.94904,8.84839,0,-94.9043,24.1606,0
1.95055,8.86828,0,-95.0553,23.1721,0
1.95196,8.88818,0,-95.1961,22.1821,0
1.95326,8.90809,0,-95.3265,21.1907,0
1.95446,8.92802,0,-95.4466,20.1979,0
1.95556,8.94796,0,-95.5564,19.204,0
1.95656,8.96791,0,-95.6558,18.209,0
1.95745,8.98787,0,-95.7449,17.213,0
1.95823,9.00784,0,-95.8236,16.2162,0
1.95892,9.02781,0,-95.8919,15.2185,0
1.9595,9.0478,0,-95.9498,14.2203,0
1.95997,9.06779,0,-95.9974,13.2214,0
1.96034,9.08778,0,-96.0346,12.2222,0
1.96061,9.10777,0,-96.0613,11.2226,0
1.96078,9.12777,0,-96.0777,10.2227,0
1.96084,9.14777,0,-96.0837,9.22281,0
1.96079,9.16777,0,-96.0793,8.22286,0
1.96064,9.18777,0,-96.0644,7.22301,0
1.96039,9.20777,0,-96.0392,6.22337,0
1.96003,9.22776,0,-96.0035,5.22404,0
1.95957,9.24775,0,-95.9575,4.22514,0
1.95901,9.26773,0,-95.9011,3.22678,0
1.95834,9.28771,0,-95.8343,2.22905,0
1.95757,9.30768,0,-95.7571,1.23208,0
1.95669,9.32764,0,-95.6696,0.235956,0
1.95572,9.34759,0,-95.5717,-0.759199,0
1.95463,9.36753,0,-95.4634,-1.75328,0
1.95345,9.38746,0,-95.3448,-2.74619,0
1.95216,9.40738,0,-95.2159,-3.7378,0
1.95077,9.42728,0,-95.0767,-4.72802,0
1.94927,9.44717,0,-94.9272,-5.71674,0
1.94767,9.46704,0,-94.7675,-6.70386,0
1.94597,9.48689,0,-94.5974,-7.68925,0
1.94417,9.50673,0,-94.4172,-8.67283,0
1.94227,9.52654,0,-94.2267,-9.65448,0
1.94026,9.54634,0,-94.026,-10.6341,0
1.93815,9.56611,0,-93.8151,-11.6116,0
1.93594,9.58587,0,-93.5941,-12.5868,0
1.93363,9.6056,0,-93.3629,-13.5597,0
1.93122,9.6253,0,-93.1217,-14.5301,0
1.9287,9.64498,0,-92.8704,-15.498,0
1.92609,9.66463,0,-92.609,-16.4631,0
1.92337,9.68426,0,-92.3376,-17.4256,0
1.92056,9.70385,0,-92.0562,-18.3851,0
1.91765,9.72342,0,-91.7649,-19.3417,0
1.91463,9.74295,0,-91.4636,-20.2952,0
1.91152,9.76245,0,-91.1524,-21.2455,0
1.90831,9.78193,0,-90.8314,-22.1925,0
1.905,9.80136,0,-90.5006,-23.1362,0
1.9016,9.82076,0,-90.1599,-24.0763,0
1.89809,9.84013,0,-89.8095,-25.0129,0
1.89449,9.85946,0,-89.4494,-25.9458,0
1.8908,9.87875,0,-89.0797,-26.8749,0
1.887,9.898,0,-88.7003,-27.8,0
1.88311,9.91721,0,-88.3113,-28.7212,0
1.87913,9.93638,0,-87.9127,-29.6384,0
1.87505,9.95551,0,-87.5047,-30.5513,0
1.87087,9.9746,0,-87.0872,-31.4599,0
1.8666,9.99364,0,-86.6603,-32.3642,0
1.86224,10.0126,0,-86.224,-33.2639,0
1.85778,10.0316,0,-85.7784,-34.1591,0
1.85323,10.0505,0,-85.3235,-35.0496,0
1.84859,10.0694,0,-84.8594,-35.9354,0
1.84386,10.0882,0,-84.3862,-36.8163,0
1.83904,10.1069,0,-83.9038,-37.6922,0
1.83412,10.1256,0,-83.4124,-38.563,0
1.82912,10.1443,0,-82.9119,-39.4288,0
1.82402,10.1629,0,-82.4025,-40.2893,0
1.81884,10.1814,0,-81.8842,-41.1444,0
1.81357,10.1999,0,-81.3571,-41.9941,0
1.80821,10.2184,0,-80.8211,-42.8384,0
1.80276,10.2368,0,-80.2765,-43.677,0
1.79723,10.2551,0,-79.7232,-44.5099,0
1.79161,10.2734,0,-79.1612,-45.337,0
1.78591,10.2916,0,-78.5908,-46.1583,0
1.78012,10.3097,0,-78.0118,-46.9736,0
1.77424,10.3278,0,-77.4244,-47.7829,0
1.76829,10.3459,0,-76.8287,-48.586,0
1.76225,10.3638,0,-76.2247,-49.3829,0
1.75612,10.3817,0,-75.6124,-50.1736,0
1.74992,10.3996,0,-74.992,-50.9578,0
1.74363,10.4174,0,-74.3635,-51.7356,0
1.73727,10.4351,0,-73.727,-52.5068,0
1.73082,10.4527,0,-73.0825,-53.2714,0
1.7243,10.4703,0,-72.4302,-54.0292,0
1.7177,10.4878,0,-71.77,-54.7803,0
1.71102,10.5052,0,-71.1021,-55.5245,0
1.70426,10.5226,0,-70.4265,-56.2617,0
1.69743,10.5399,0,-69.7434,-56.992,0
1.69053,10.5572,0,-69.0527,-57.7151,0
1.68354,10.5743,0,-68.3546,-58.431,0
1.67649,10.5914,0,-67.6491,-59.1397,0
