5e-05,0,0,99.995,1.22474,0
0.000199988,1.22465e-06,0,99.98,2.44936,0
0.000449926,4.89794e-06,0,99.955,3.67373,0
0.000799752,1.22425e-05,0,99.92,4.89774,0
0.00124938,2.44791e-05,0,99.8751,6.12125,0
0.0017987,4.28256e-05,0,99.8201,7.34416,0
0.00244757,6.84969e-05,0,99.7552,8.56633,0
0.00319584,0.000102704,0,99.6804,9.78765,0
0.00404332,0.000146652,0,99.5957,11.008,0
0.0049898,0.000201543,0,99.501,12.2272,0
0.00603505,0.000268572,0,99.3965,13.4453,0
0.00717882,0.000348928,0,99.2821,14.662,0
0.00842082,0.000443791,0,99.1579,15.8772,0
0.00976075,0.000554336,0,99.0239,17.0909,0
0.0111983,0.000681729,0,98.8802,18.3029,0
0.0127331,0.000827126,0,98.7267,19.5131,0
0.0143648,0.000991675,0,98.5635,20.7214,0
0.016093,0.00117651,0,98.3907,21.9277,0
0.0179172,0.00138277,0,98.2083,23.1318,0
0.0198371,0.00161155,0,98.0163,24.3336,0
0.0218522,0.00186397,0,97.8148,25.5331,0
0.0239621,0.00214112,0,97.6038,26.7302,0
0.0261661,0.00244408,0,97.3834,27.9246,0
0.0284639,0.00277391,0,97.1536,29.1164,0
0.0308548,0.00313167,0,96.9145,30.3053,0
0.0333384,0.0035184,0,96.6662,31.4914,0
0.0359139,0.00393513,0,96.4086,32.6745,0
0.038581,0.00438285,0,96.1419,33.8544,0
0.0413389,0.00486258,0,95.8661,35.0312,0
0.044187,0.00537529,0,95.5813,36.2047,0
0.0471248,0.00592195,0,95.2875,37.3747,0
0.0501514,0.0065035,0,94.9849,38.5413,0
0.0532664,0.00712088,0,94.6734,39.7043,0
0.0564689,0.007775,0,94.3531,40.8637,0
0.0597583,0.00846677,0,94.0242,42.0192,0
0.0631338,0.00919707,0,93.6866,43.1709,0
0.0665948,0.00996675,0,93.3405,44.3187,0
0.0701405,0.0107767,0,92.986,45.4624,0
0.0737702,0.0116277,0,92.623,46.6021,0
0.0774831,0.0125205,0,92.2517,47.7375,0
0.0812784,0.0134561,0,91.8722,48.8687,0
0.0851553,0.0144351,0,91.4845,49.9956,0
0.0891131,0.0154583,0,91.0887,51.118,0
0.093151,0.0165265,0,90.6849,52.2359,0
0.097268,0.0176404,0,90.2732,53.3493,0
0.101464,0.0188006,0,89.8537,54.458,0
0.105737,0.0200079,0,89.4263,55.562,0
0.110086,0.0212629,0,88.9914,56.6612,0
0.114512,0.0225663,0,88.5488,57.7556,0
0.119013,0.0239187,0,88.0987,58.8451,0
0.123588,0.0253208,0,87.6412,59.9297,0
0.128237,0.026773,0,87.1764,61.0092,0
0.132958,0.0282761,0,86.7043,62.0836,0
0.13775,0.0298305,0,86.225,63.1529,0
0.142613,0.0314367,0,85.7387,64.217,0
0.147547,0.0330954,0,85.2454,65.2759,0
0.152549,0.0348071,0,84.7451,66.3295,0
0.157619,0.0365721,0,84.2381,67.3777,0
0.162757,0.038391,0,83.7243,68.4206,0
0.167961,0.0402642,0,83.2039,69.458,0
0.173231,0.0421921,0,82.677,70.4899,0
0.178565,0.0441753,0,82.1435,71.5164,0
0.183963,0.046214,0,81.6038,72.5372,0
0.189423,0.0483087,0,81.0577,73.5525,0
0.194946,0.0504596,0,80.5054,74.5621,0
0.20053,0.0526673,0,79.947,75.5661,0
0.206174,0.054932,0,79.3826,76.5644,0
0.211877,0.0572539,0,78.8123,77.5569,0
0.217639,0.0596335,0,78.2361,78.5437,0
0.223458,0.0620711,0,77.6542,79.5247,0
0.229334,0.0645668,0,77.0666,80.4999,0
0.235266,0.0671209,0,76.4734,81.4692,0
0.241253,0.0697337,0,75.8747,82.4327,0
0.247293,0.0724054,0,75.2707,83.3902,0
0.253388,0.0751363,0,74.6613,84.3419,0
0.259534,0.0779264,0,74.0466,85.2876,0
0.265732,0.0807761,0,73.4268,86.2274,0
0.271981,0.0836854,0,72.8019,87.1612,0
0.278279,0.0866545,0,72.1721,88.089,0
0.284627,0.0896837,0,71.5373,89.0108,0
0.291022,0.0927729,0,70.8978,89.9267,0
0.297465,0.0959223,0,70.2535,90.8365,0
0.303955,0.0991321,0,69.6045,91.7402,0
0.31049,0.102402,0,68.951,92.6379,0
0.31707,0.105733,0,68.293,93.5296,0
0.323694,0.109124,0,67.6306,94.4152,0
0.330362,0.112576,0,66.9638,95.2948,0
0.337072,0.116089,0,66.2929,96.1683,0
0.343823,0.119662,0,65.6177,97.0357,0
0.350616,0.123296,0,64.9384,97.897,0
0.357448,0.126991,0,64.2552,98.7523,0
0.36432,0.130747,0,63.568,99.6014,0
0.371231,0.134563,0,62.8769,100.445,0
0.37818,0.13844,0,62.1821,101.282,0
0.385165,0.142378,0,61.4835,102.113,0
0.392187,0.146376,0,60.7813,102.937,0
0.399245,0.150436,0,60.0755,103.756,0
0.406337,0.154556,0,59.3663,104.569,0
0.413464,0.158736,0,58.6536,105.376,0
0.420624,0.162977,0,57.9376,106.176,0
0.427817,0.167278,0,57.2183,106.971,0
0.435042,0.17164,0,56.4958,107.76,0
0.442299,0.176062,0,55.7701,108.542,0
0.449586,0.180544,0,55.0414,109.319,0
0.456903,0.185086,0,54.3097,110.089,0
0.46425,0.189688,0,53.575,110.854,0
0.471625,0.19435,0,52.8375,111.612,0
0.479029,0.199072,0,52.0971,112.365,0
0.486459,0.203853,0,51.3541,113.111,0
0.493917,0.208694,0,50.6083,113.852,0
0.501401,0.213594,0,49.8599,114.587,0
0.50891,0.218553,0,49.109,115.316,0
0.516444,0.223571,0,48.3556,116.039,0
0.524003,0.228648,0,47.5997,116.756,0
0.531585,0.233784,0,46.8415,117.467,0
0.539191,0.238978,0,46.081,118.172,0
0.546818,0.244231,0,45.3182,118.872,0
0.554468,0.249541,0,44.5532,119.565,0
0.56214,0.25491,0,43.7861,120.253,0
0.569832,0.260337,0,43.0168,120.935,0
0.577544,0.265821,0,42.2456,121.611,0
0.585276,0.271363,0,41.4724,122.282,0
0.593027,0.276962,0,40.6973,122.947,0
0.600797,0.282618,0,39.9203,123.606,0
0.608585,0.288331,0,39.1415,124.259,0
0.616391,0.294101,0,38.3609,124.907,0
0.624214,0.299927,0,37.5786,125.549,0
0.632053,0.305809,0,36.7947,126.186,0
0.639909,0.311748,0,36.0091,126.817,0
0.64778,0.317742,0,35.222,127.442,0
0.655666,0.323792,0,34.4334,128.062,0
0.663567,0.329897,0,33.6433,128.676,0
0.671482,0.336057,0,32.8518,129.285,0
0.679411,0.342272,0,32.0589,129.888,0
0.687353,0.348542,0,31.2647,130.486,0
0.695307,0.354867,0,30.4693,131.078,0
0.703275,0.361246,0,29.6725,131.665,0
0.711254,0.367678,0,28.8746,132.246,0
0.719244,0.374165,0,28.0756,132.822,0
0.727246,0.380705,0,27.2754,133.393,0
0.735258,0.387298,0,26.4742,133.959,0
0.743281,0.393944,0,25.672,134.519,0
0.751313,0.400644,0,24.8687,135.073,0
0.759354,0.407395,0,24.0646,135.623,0
0.767405,0.4142,0,23.2595,136.167,0
0.775465,0.421056,0,22.4535,136.706,0
0.783532,0.427964,0,21.6468,137.24,0
0.791608,0.434924,0,20.8392,137.769,0
0.799691,0.441935,0,20.0309,138.293,0
0.807781,0.448997,0,19.2219,138.811,0
0.815878,0.45611,0,18.4122,139.325,0
0.823981,0.463274,0,17.6019,139.833,0
0.83209,0.470488,0,16.791,140.336,0
0.840205,0.477752,0,15.9795,140.835,0
0.848326,0.485066,0,15.1674,141.328,0
0.856451,0.49243,0,14.3549,141.816,0
0.864582,0.499843,0,13.5419,142.3,0
0.872716,0.507305,0,12.7284,142.778,0
0.880855,0.514816,0,11.9145,143.252,0
0.888997,0.522376,0,11.1003,143.721,0
0.897143,0.529985,0,10.2857,144.185,0
0.905292,0.537641,0,9.47078,144.644,0
0.913444,0.545345,0,8.65559,145.098,0
0.921599,0.553097,0,7.84015,145.548,0
0.929756,0.560896,0,7.02448,145.992,0
0.937914,0.568743,0,6.20861,146.433,0
0.946075,0.576636,0,5.39257,146.868,0
0.954236,0.584576,0,4.57639,147.299,0
0.962399,0.592563,0,3.76009,147.725,0
0.970563,0.600595,0,2.94371,148.146,0
0.978728,0.608674,0,2.12727,148.563,0
0.986892,0.616798,0,1.31079,148.975,0
0.995057,0.624968,0,0.4943,149.383,0
1.00322,0.633183,0,-0.322174,149.787,0
1.01139,0.641443,0,-1.13861,150.185,0
1.01955,0.649747,0,-1.95498,150.58,0
1.02771,0.658096,0,-2.77126,150.969,0
1.03587,0.666489,0,-3.58743,151.355,0
1.04403,0.674927,0,-4.40346,151.736,0
1.05219,0.683407,0,-5.21934,152.113,0
1.06035,0.691932,0,-6.03504,152.485,0
1.06851,0.7005,0,-6.85053,152.853,0
1.07666,0.70911,0,-7.6658,153.216,0
1.08481,0.717764,0,-8.48083,153.576,0
1.09296,0.72646,0,-9.29559,153.931,0
1.1011,0.735198,0,-10.1101,154.282,0
1.10924,0.743979,0,-10.9242,154.629,0
1.11738,0.752801,0,-11.7381,154.971,0
1.12552,0.761665,0,-12.5516,155.309,0
1.13365,0.77057,0,-13.3647,155.644,0
1.14177,0.779516,0,-14.1774,155.974,0
1.1499,0.788504,0,-14.9898,156.3,0
1.15802,0.797532,0,-15.8017,156.622,0
1.16613,0.8066,0,-16.6131,156.94,0
1.17424,0.815709,0,-17.4242,157.253,0
1.18235,0.824858,0,-18.2347,157.563,0
1.19045,0.834046,0,-19.0447,157.869,0
1.19854,0.843274,0,-19.8543,158.171,0
1.20663,0.852541,0,-20.6633,158.469,0
1.21472,0.861848,0,-21.4718,158.763,0
1.2228,0.871193,0,-22.2797,159.053,0
1.23087,0.880578,0,-23.087,159.34,0
1.23894,0.89,0,-23.8937,159.622,0
1.247,0.899461,0,-24.6999,159.901,0
1.25505,0.90896,0,-25.5054,160.176,0
1.2631,0.918496,0,-26.3103,160.447,0
1.27115,0.928071,0,-27.1145,160.714,0
1.27918,0.937682,0,-27.9181,160.978,0
1.28721,0.947331,0,-28.721,161.238,0
1.29523,0.957017,0,-29.5232,161.494,0
1.30325,0.966739,0,-30.3247,161.746,0
1.31125,0.976498,0,-31.1254,161.995,0
1.31926,0.986294,0,-31.9255,162.24,0
1.32725,0.996125,0,-32.7248,162.482,0
1.33523,1.00599,0,-33.5233,162.72,0
1.34321,1.0159,0,-34.3211,162.954,0
1.35118,1.02583,0,-35.1181,163.185,0
1.35914,1.03581,0,-35.9143,163.413,0
1.3671,1.04582,0,-36.7096,163.636,0
1.37504,1.05586,0,-37.5042,163.857,0
1.38298,1.06594,0,-38.298,164.074,0
1.39091,1.07605,0,-39.0909,164.287,0
1.39883,1.0862,0,-39.8829,164.497,0
1.40674,1.09638,0,-40.6741,164.704,0
1.41464,1.1066,0,-41.4644,164.907,0
1.42254,1.11685,0,-42.2538,165.107,0
1.43042,1.12713,0,-43.0424,165.303,0
1.4383,1.13745,0,-43.83,165.496,0
1.44617,1.1478,0,-44.6167,165.686,0
1.45403,1.15818,0,-45.4025,165.872,0
1.46187,1.16859,0,-46.1874,166.056,0
1.46971,1.17904,0,-46.9713,166.236,0
1.47754,1.18952,0,-47.7543,166.412,0
1.48536,1.20003,0,-48.5363,166.586,0
1.49317,1.21058,0,-49.3173,166.756,0
1.50097,1.22116,0,-50.0974,166.923,0
1.50876,1.23176,0,-50.8764,167.087,0
1.51655,1.2424,0,-51.6545,167.248,0
1.52432,1.25307,0,-52.4316,167.405,0
1.53208,1.26378,0,-53.2077,167.56,0
1.53983,1.27451,0,-53.9827,167.711,0
1.54757,1.28527,0,-54.7567,167.86,0
1.5553,1.29607,0,-55.5297,168.005,0
1.56302,1.30689,0,-56.3016,168.147,0
1.57073,1.31775,0,-57.0725,168.286,0
1.57842,1.32864,0,-57.8423,168.423,0
1.58611,1.33955,0,-58.6111,168.556,0
1.59379,1.3505,0,-59.3788,168.686,0
1.60145,1.36147,0,-60.1454,168.813,0
1.60911,1.37248,0,-60.9109,168.938,0
1.61675,1.38351,0,-61.6753,169.059,0
1.62439,1.39457,0,-62.4387,169.177,0
1.63201,1.40566,0,-63.2009,169.293,0
1.63962,1.41678,0,-63.962,169.406,0
1.64722,1.42793,0,-64.722,169.515,0
1.65481,1.43911,0,-65.4809,169.622,0
1.66239,1.45032,0,-66.2386,169.727,0
1.66995,1.46155,0,-66.9952,169.828,0
1.67751,1.47281,0,-67.7507,169.926,0
1.68505,1.4841,0,-68.505,170.022,0
1.69258,1.49542,0,-69.2581,170.115,0
1.7001,1.50677,0,-70.0101,170.205,0
1.70761,1.51814,0,-70.761,170.293,0
1.71511,1.52954,0,-71.5106,170.378,0
1.72259,1.54097,0,-72.2591,170.46,0
1.73006,1.55242,0,-73.0064,170.539,0
1.73753,1.5639,0,-73.7525,170.616,0
1.74498,1.57541,0,-74.4975,170.69,0
1.75241,1.58694,0,-75.2412,170.761,0
1.75984,1.5985,0,-75.9838,170.83,0
1.76725,1.61009,0,-76.7251,170.896,0
1.77465,1.6217,0,-77.4652,170.959,0
1.78204,1.63334,0,-78.2042,171.02,0
1.78942,1.645,0,-78.9419,171.079,0
1.79678,1.65669,0,-79.6784,171.134,0
1.80414,1.66841,0,-80.4136,171.188,0
1.81148,1.68015,0,-81.1476,171.238,0
1.81881,1.69191,0,-81.8804,171.286,0
1.82612,1.7037,0,-82.612,171.332,0
1.83342,1.71552,0,-83.3423,171.375,0
1.84071,1.72736,0,-84.0714,171.416,0
1.84799,1.73923,0,-84.7992,171.454,0
1.85526,1.75112,0,-85.5258,171.49,0
1.86251,1.76303,0,-86.2511,171.523,0
1.86975,1.77497,0,-86.9751,171.554,0
1.87698,1.78693,0,-87.6979,171.583,0
1.8842,1.79892,0,-88.4194,171.609,0
1.8914,1.81093,0,-89.1397,171.632,0
1.89859,1.82296,0,-89.8587,171.654,0
1.90576,1.83502,0,-90.5764,171.673,0
1.91293,1.8471,0,-91.2928,171.689,0
1.92008,1.85921,0,-92.008,171.704,0
1.92722,1.87133,0,-92.7218,171.716,0
1.93434,1.88349,0,-93.4344,171.725,0
1.94146,1.89566,0,-94.1457,171.733,0
1.94856,1.90786,0,-94.8557,171.738,0
1.95564,1.92008,0,-95.5644,171.74,0
1.96272,1.93232,0,-96.2718,171.741,0
1.96978,1.94458,0,-96.9779,171.739,0
1.97683,1.95687,0,-97.6826,171.735,0
1.98386,1.96918,0,-98.3861,171.729,0
1.99088,1.98151,0,-99.0883,171.721,0
1.99789,1.99386,0,-99.7892,171.71,0
2.00489,2.00624,0,-100.489,171.697,0
2.01187,2.01864,0,-101.187,171.682,0
2.01884,2.03105,0,-101.884,171.665,0
2.0258,2.04349,0,-102.579,171.646,0
2.03274,2.05596,0,-103.274,171.624,0
2.03967,2.06844,0,-103.967,171.601,0
2.04658,2.08094,0,-104.658,171.575,0
2.05349,2.09347,0,-105.349,171.547,0
2.06038,2.10602,0,-106.038,171.518,0
2.06725,2.11858,0,-106.725,171.486,0
2.07412,2.13117,0,-107.412,171.451,0
2.08097,2.14378,0,-108.097,171.415,0
2.0878,2.15641,0,-108.78,171.377,0
2.09463,2.16906,0,-109.462,171.337,0
2.10144,2.18173,0,-110.143,171.295,0
2.10823,2.19442,0,-110.823,171.25,0
2.11501,2.20713,0,-111.501,171.204,0
2.12178,2.21986,0,-112.178,171.156,0
2.12854,2.23261,0,-112.854,171.106,0
2.13528,2.24538,0,-113.528,171.053,0
2.14201,2.25817,0,-114.201,170.999,0
2.14873,2.27098,0,-114.872,170.943,0
2.15543,2.28381,0,-115.543,170.885,0
2.16211,2.29665,0,-116.211,170.825,0
2.16879,2.30952,0,-116.879,170.763,0
2.17545,2.32241,0,-117.545,170.699,0
2.1821,2.33531,0,-118.21,170.633,0
2.18873,2.34824,0,-118.873,170.565,0
2.19535,2.36118,0,-119.535,170.496,0
2.20196,2.37415,0,-120.196,170.424,0
2.20855,2.38713,0,-120.855,170.351,0
2.21513,2.40013,0,-121.513,170.275,0
2.2217,2.41315,0,-122.17,170.198,0
2.22825,2.42618,0,-122.825,170.119,0
2.23479,2.43924,0,-123.479,170.039,0
2.24131,2.45231,0,-124.131,169.956,0
2.24782,2.4654,0,-124.782,169.872,0
2.25432,2.47851,0,-125.432,169.785,0
2.2608,2.49164,0,-126.08,169.697,0
2.26727,2.50478,0,-126.727,169.608,0
2.27373,2.51795,0,-127.373,169.516,0
2.28017,2.53113,0,-128.017,169.423,0
2.2866,2.54433,0,-128.66,169.328,0
2.29302,2.55754,0,-129.302,169.231,0
2.29942,2.57077,0,-129.942,169.132,0
2.30581,2.58402,0,-130.581,169.032,0
2.31218,2.59729,0,-131.218,168.93,0
2.31854,2.61058,0,-131.854,168.826,0
2.32489,2.62388,0,-132.489,168.721,0
2.33122,2.6372,0,-133.122,168.614,0
2.33754,2.65053,0,-133.754,168.505,0
2.34384,2.66389,0,-134.384,168.394,0
2.35013,2.67726,0,-135.013,168.282,0
2.35641,2.69064,0,-135.641,168.168,0
2.36268,2.70404,0,-136.268,168.053,0
2.36893,2.71746,0,-136.892,167.936,0
2.37516,2.7309,0,-137.516,167.817,0
2.38138,2.74435,0,-138.138,167.696,0
2.38759,2.75782,0,-138.759,167.574,0
2.39379,2.7713,0,-139.379,167.451,0
2.39997,2.7848,0,-139.997,167.326,0
2.40613,2.79832,0,-140.613,167.199,0
2.41229,2.81185,0,-141.229,167.07,0
2.41843,2.8254,0,-141.843,166.94,0
2.42455,2.83896,0,-142.455,166.809,0
2.43066,2.85254,0,-143.066,166.675,0
2.43676,2.86613,0,-143.676,166.541,0
2.44285,2.87974,0,-144.285,166.405,0
2.44892,2.89337,0,-144.892,166.267,0
2.45497,2.90701,0,-145.497,166.127,0
2.46101,2.92067,0,-146.101,165.986,0
2.46704,2.93434,0,-146.704,165.844,0
2.47306,2.94802,0,-147.306,165.7,0
2.47906,2.96172,0,-147.906,165.555,0
2.48505,2.97544,0,-148.505,165.408,0
2.49102,2.98917,0,-149.102,165.26,0
2.49698,3.00292,0,-149.698,165.11,0
2.50293,3.01668,0,-150.292,164.958,0
2.50886,3.03045,0,-150.886,164.806,0
2.51478,3.04424,0,-151.477,164.651,0
2.52068,3.05805,0,-152.068,164.496,0
2.52657,3.07187,0,-152.657,164.338,0
2.53245,3.0857,0,-153.245,164.18,0
2.53831,3.09955,0,-153.831,164.02,0
2.54416,3.11341,0,-154.416,163.858,0
2.54999,3.12729,0,-154.999,163.695,0
2.55581,3.14118,0,-155.581,163.531,0
2.56162,3.15508,0,-156.162,163.365,0
2.56741,3.169,0,-156.741,163.198,0
2.57319,3.18293,0,-157.319,163.03,0
2.57896,3.19688,0,-157.896,162.86,0
2.58471,3.21084,0,-158.471,162.689,0
2.59045,3.22481,0,-159.045,162.516,0
2.59617,3.2388,0,-159.617,162.342,0
2.60188,3.2528,0,-160.188,162.167,0
2.60758,3.26681,0,-160.758,161.99,0
2.61326,3.28084,0,-161.326,161.812,0
2.61893,3.29488,0,-161.893,161.633,0
2.62459,3.30894,0,-162.459,161.452,0
2.63023,3.32301,0,-163.023,161.27,0
2.63585,3.33709,0,-163.585,161.087,0
2.64147,3.35118,0,-164.147,160.902,0
2.64707,3.36529,0,-164.707,160.716,0
2.65265,3.37941,0,-165.265,160.529,0
2.65823,3.39354,0,-165.823,160.34,0
2.66378,3.40768,0,-166.378,160.151,0
2.66933,3.42184,0,-166.933,159.959,0
2.67486,3.43601,0,-167.486,159.767,0
2.68038,3.4502,0,-168.038,159.573,0
2.68588,3.46439,0,-168.588,159.379,0
2.69137,3.4786,0,-169.137,159.182,0
2.69685,3.49283,0,-169.685,158.985,0
2.70231,3.50706,0,-170.231,158.786,0
2.70776,3.52131,0,-170.776,158.586,0
2.71319,3.53556,0,-171.319,158.385,0
2.71861,3.54983,0,-171.861,158.183,0
2.72402,3.56412,0,-172.402,157.979,0
2.72941,3.57841,0,-172.941,157.775,0
2.73479,3.59272,0,-173.479,157.569,0
2.74015,3.60704,0,-174.015,157.361,0
2.74551,3.62137,0,-174.551,157.153,0
2.75084,3.63571,0,-175.084,156.944,0
2.75617,3.65007,0,-175.617,156.733,0
2.76148,3.66443,0,-176.148,156.521,0
2.76678,3.67881,0,-176.678,156.308,0
2.77206,3.6932,0,-177.206,156.093,0
2.77733,3.70761,0,-177.733,155.878,0
2.78258,3.72202,0,-178.258,155.661,0
2.78783,3.73644,0,-178.783,155.444,0
2.79305,3.75088,0,-179.305,155.225,0
2.79827,3.76533,0,-179.827,155.005,0
2.80347,3.77979,0,-180.347,154.784,0
2.80866,3.79426,0,-180.866,154.561,0
2.81383,3.80874,0,-181.383,154.338,0
2.81899,3.82323,0,-181.899,154.113,0
2.82414,3.83773,0,-182.414,153.888,0
2.82927,3.85225,0,-182.927,153.661,0
2.83439,3.86678,0,-183.439,153.433,0
2.83949,3.88131,0,-183.949,153.204,0
2.84458,3.89586,0,-184.458,152.974,0
2.84966,3.91042,0,-184.966,152.743,0
2.85473,3.92499,0,-185.473,152.511,0
2.85978,3.93957,0,-185.978,152.277,0
2.86481,3.95416,0,-186.481,152.043,0
2.86984,3.96876,0,-186.984,151.808,0
2.87485,3.98337,0,-187.485,151.571,0
2.87984,3.998,0,-187.984,151.334,0
2.88482,4.01263,0,-188.482,151.095,0
2.88979,4.02727,0,-188.979,150.855,0
2.89475,4.04193,0,-189.475,150.615,0
2.89969,4.05659,0,-189.969,150.373,0
2.90462,4.07127,0,-190.462,150.13,0
2.90953,4.08595,0,-190.953,149.887,0
2.91443,4.10065,0,-191.443,149.642,0
2.91932,4.11535,0,-191.932,149.396,0
2.92419,4.13007,0,-192.419,149.149,0
2.92905,4.14479,0,-192.905,148.901,0
2.9339,4.15953,0,-193.39,148.652,0
2.93873,4.17428,0,-193.873,148.403,0
2.94355,4.18903,0,-194.355,148.152,0
2.94836,4.2038,0,-194.836,147.9,0
2.95315,4.21857,0,-195.315,147.647,0
2.95793,4.23336,0,-195.793,147.393,0
2.9627,4.24815,0,-196.27,147.139,0
2.96745,4.26296,0,-196.745,146.883,0
2.97219,4.27777,0,-197.219,146.626,0
2.97691,4.2926,0,-197.691,146.369,0
2.98162,4.30743,0,-198.162,146.11,0
2.98632,4.32227,0,-198.632,145.85,0
2.991,4.33712,0,-199.1,145.59,0
2.99567,4.35199,0,-199.567,145.328,0
3.00033,4.36686,0,-200.033,145.066,0
3.00498,4.38174,0,-200.498,144.803,0
3.00961,4.39663,0,-200.961,144.539,0
3.01422,4.41153,0,-201.422,144.273,0
3.01883,4.42643,0,-201.883,144.007,0
3.02342,4.44135,0,-202.342,143.74,0
3.02799,4.45628,0,-202.799,143.472,0
3.03256,4.47121,0,-203.256,143.204,0
3.03711,4.48616,0,-203.711,142.934,0
3.04164,4.50111,0,-204.164,142.663,0
3.04616,4.51608,0,-204.616,142.392,0
3.05067,4.53105,0,-205.067,142.119,0
3.05517,4.54603,0,-205.517,141.846,0
3.05965,4.56102,0,-205.965,141.572,0
3.06412,4.57601,0,-206.412,141.297,0
3.06858,4.59102,0,-206.858,141.021,0
3.07302,4.60604,0,-207.302,140.744,0
3.07745,4.62106,0,-207.745,140.466,0
3.08187,4.63609,0,-208.187,140.188,0
3.08627,4.65113,0,-208.627,139.909,0
3.09066,4.66618,0,-209.066,139.628,0
3.09503,4.68124,0,-209.503,139.347,0
3.09939,4.69631,0,-209.94,139.065,0
3.10374,4.71138,0,-210.374,138.783,0
3.10808,4.72647,0,-210.808,138.499,0
3.1124,4.74156,0,-211.24,138.214,0
3.11671,4.75666,0,-211.671,137.929,0
3.12101,4.77177,0,-212.101,137.643,0
3.12529,4.78688,0,-212.529,137.356,0
3.12956,4.80201,0,-212.956,137.068,0
3.13381,4.81714,0,-213.382,136.78,0
3.13806,4.83228,0,-213.806,136.491,0
3.14229,4.84743,0,-214.229,136.2,0
3.1465,4.86259,0,-214.65,135.909,0
3.15071,4.87775,0,-215.071,135.618,0
3.1549,4.89293,0,-215.49,135.325,0
3.15907,4.90811,0,-215.907,135.032,0
3.16323,4.9233,0,-216.324,134.738,0
3.16738,4.93849,0,-216.738,134.443,0
3.17152,4.9537,0,-217.152,134.147,0
3.17564,4.96891,0,-217.564,133.851,0
3.17975,4.98413,0,-217.976,133.553,0
3.18385,4.99936,0,-218.385,133.255,0
3.18794,5.01459,0,-218.794,132.957,0
3.19201,5.02983,0,-219.201,132.657,0
3.19606,5.04508,0,-219.606,132.357,0
3.20011,5.06034,0,-220.011,132.056,0
3.20414,5.07561,0,-220.414,131.754,0
3.20816,5.09088,0,-220.816,131.451,0
3.21216,5.10616,0,-221.216,131.148,0
3.21615,5.12145,0,-221.615,130.844,0
3.22013,5.13674,0,-222.013,130.539,0
3.2241,5.15204,0,-222.41,130.234,0
3.22805,5.16735,0,-222.805,129.928,0
3.23199,5.18267,0,-223.199,129.621,0
3.23591,5.19799,0,-223.591,129.313,0
3.23983,5.21333,0,-223.983,129.005,0
3.24373,5.22866,0,-224.373,128.696,0
3.24761,5.24401,0,-224.761,128.386,0
3.25148,5.25936,0,-225.149,128.075,0
3.25535,5.27472,0,-225.535,127.764,0
3.25919,5.29009,0,-225.919,127.452,0
3.26303,5.30546,0,-226.303,127.14,0
3.26685,5.32084,0,-226.685,126.826,0
3.27066,5.33623,0,-227.066,126.512,0
3.27445,5.35162,0,-227.445,126.198,0
3.27823,5.36703,0,-227.823,125.882,0
3.282,5.38243,0,-228.2,125.566,0
3.28576,5.39785,0,-228.576,125.249,0
3.2895,5.41327,0,-228.95,124.932,0
3.29323,5.4287,0,-229.323,124.614,0
3.29695,5.44413,0,-229.695,124.295,0
3.30065,5.45957,0,-230.065,123.976,0
3.30434,5.47502,0,-230.434,123.656,0
3.30802,5.49048,0,-230.802,123.335,0
3.31168,5.50594,0,-231.168,123.014,0
3.31533,5.52141,0,-231.533,122.692,0
3.31897,5.53688,0,-231.897,122.369,0
3.3226,5.55236,0,-232.26,122.046,0
3.32621,5.56785,0,-232.621,121.722,0
3.32981,5.58334,0,-232.981,121.397,0
3.3334,5.59884,0,-233.34,121.072,0
3.33697,5.61435,0,-233.697,120.746,0
3.34053,5.62986,0,-234.053,120.419,0
3.34408,5.64538,0,-234.408,120.092,0
3.34761,5.6609,0,-234.761,119.765,0
3.35114,5.67643,0,-235.114,119.436,0
3.35464,5.69197,0,-235.465,119.107,0
3.35814,5.70751,0,-235.814,118.778,0
3.36162,5.72306,0,-236.162,118.447,0
3.36509,5.73862,0,-236.509,118.117,0
3.36855,5.75418,0,-236.855,117.785,0
3.372,5.76975,0,-237.2,117.453,0
3.37543,5.78532,0,-237.543,117.12,0
3.37885,5.8009,0,-237.885,116.787,0
3.38225,5.81649,0,-238.225,116.453,0
3.38564,5.83208,0,-238.565,116.119,0
3.38902,5.84768,0,-238.903,115.784,0
3.39239,5.86328,0,-239.239,115.448,0
3.39575,5.87889,0,-239.575,115.112,0
3.39909,5.8945,0,-239.909,114.776,0
3.40242,5.91012,0,-240.242,114.438,0
3.40573,5.92575,0,-240.573,114.1,0
3.40903,5.94138,0,-240.904,113.762,0
3.41232,5.95702,0,-241.233,113.423,0
3.4156,5.97266,0,-241.56,113.083,0
3.41887,5.98831,0,-241.887,112.743,0
3.42212,6.00396,0,-242.212,112.403,0
3.42536,6.01962,0,-242.536,112.061,0
3.42858,6.03529,0,-242.858,111.72,0
3.4318,6.05096,0,-243.18,111.377,0
3.435,6.06664,0,-243.5,111.034,0
3.43818,6.08232,0,-243.819,110.691,0
3.44136,6.09801,0,-244.136,110.347,0
3.44452,6.1137,0,-244.452,110.002,0
3.44767,6.1294,0,-244.767,109.657,0
3.45081,6.1451,0,-245.081,109.312,0
3.45393,6.16081,0,-245.393,108.966,0
3.45704,6.17652,0,-245.704,108.619,0
3.46014,6.19224,0,-246.014,108.272,0
3.46323,6.20796,0,-246.323,107.924,0
3.4663,6.22369,0,-246.63,107.576,0
3.46936,6.23943,0,-246.936,107.227,0
3.47241,6.25517,0,-247.241,106.878,0
3.47544,6.27091,0,-247.544,106.528,0
3.47846,6.28666,0,-247.846,106.178,0
3.48147,6.30242,0,-248.147,105.827,0
3.48447,6.31818,0,-248.447,105.476,0
3.48745,6.33394,0,-248.745,105.124,0
3.49043,6.34971,0,-249.043,104.772,0
3.49338,6.36549,0,-249.338,104.419,0
3.49633,6.38127,0,-249.633,104.066,0
3.49926,6.39705,0,-249.926,103.712,0
3.50218,6.41284,0,-250.218,103.358,0
3.50509,6.42864,0,-250.509,103.003,0
3.50799,6.44444,0,-250.799,102.648,0
3.51087,6.46024,0,-251.087,102.292,0
3.51374,6.47605,0,-251.374,101.936,0
3.5166,6.49186,0,-251.66,101.58,0
3.51944,6.50768,0,-251.944,101.223,0
3.52227,6.5235,0,-252.227,100.865,0
3.52509,6.53933,0,-252.509,100.507,0
3.5279,6.55516,0,-252.79,100.149,0
3.53069,6.571,0,-253.069,99.7897,0
3.53347,6.58684,0,-253.348,99.4303,0
3.53624,6.60269,0,-253.624,99.0704,0
3.539,6.61854,0,-253.9,98.7101,0
3.54174,6.63439,0,-254.174,98.3494,0
3.54447,6.65025,0,-254.448,97.9882,0
3.54719,6.66611,0,-254.719,97.6265,0
3.5499,6.68198,0,-254.99,97.2644,0
3.55259,6.69786,0,-255.259,96.9019,0
3.55527,6.71373,0,-255.527,96.5389,0
3.55794,6.72961,0,-255.794,96.1755,0
3.5606,6.7455,0,-256.06,95.8117,0
3.56324,6.76139,0,-256.324,95.4474,0
3.56587,6.77729,0,-256.587,95.0827,0
3.56849,6.79318,0,-256.849,94.7176,0
3.57109,6.80909,0,-257.11,94.3521,0
3.57369,6.82499,0,-257.369,93.9861,0
3.57627,6.84091,0,-257.627,93.6197,0
3.57884,6.85682,0,-257.884,93.2529,0
3.58139,6.87274,0,-258.139,92.8857,0
3.58393,6.88866,0,-258.394,92.5181,0
3.58646,6.90459,0,-258.647,92.15,0
3.58898,6.92052,0,-258.898,91.7816,0
3.59149,6.93646,0,-259.149,91.4127,0
3.59398,6.9524,0,-259.398,91.0435,0
3.59646,6.96834,0,-259.646,90.6738,0
3.59893,6.98429,0,-259.893,90.3038,0
3.60138,7.00024,0,-260.139,89.9333,0
3.60383,7.0162,0,-260.383,89.5625,0
3.60626,7.03216,0,-260.626,89.1913,0
3.60868,7.04812,0,-260.868,88.8197,0
3.61108,7.06409,0,-261.108,88.4477,0
3.61347,7.08006,0,-261.348,88.0753,0
3.61585,7.09604,0,-261.586,87.7025,0
3.61822,7.11201,0,-261.822,87.3294,0
3.62058,7.128,0,-262.058,86.9559,0
3.62292,7.14398,0,-262.292,86.582,0
3.62525,7.15997,0,-262.525,86.2077,0
3.62757,7.17597,0,-262.757,85.8331,0
3.62988,7.19196,0,-262.988,85.4581,0
3.63217,7.20796,0,-263.217,85.0827,0
3.63445,7.22397,0,-263.445,84.707,0
3.63672,7.23998,0,-263.672,84.3309,0
3.63898,7.25599,0,-263.898,83.9545,0
3.64122,7.27201,0,-264.122,83.5777,0
3.64345,7.28802,0,-264.345,83.2005,0
3.64567,7.30405,0,-264.567,82.823,0
3.64788,7.32007,0,-264.788,82.4452,0
3.65007,7.3361,0,-265.007,82.067,0
3.65225,7.35213,0,-265.226,81.6884,0
3.65442,7.36817,0,-265.442,81.3096,0
3.65658,7.38421,0,-265.658,80.9303,0
3.65872,7.40025,0,-265.873,80.5508,0
3.66086,7.4163,0,-266.086,80.1709,0
3.66298,7.43235,0,-266.298,79.7906,0
3.66508,7.4484,0,-266.509,79.4101,0
3.66718,7.46446,0,-266.718,79.0292,0
3.66926,7.48052,0,-266.926,78.6479,0
3.67133,7.49658,0,-267.134,78.2664,0
3.67339,7.51265,0,-267.339,77.8845,0
3.67544,7.52872,0,-267.544,77.5023,0
3.67747,7.54479,0,-267.747,77.1198,0
3.67949,7.56086,0,-267.949,76.737,0
3.6815,7.57694,0,-268.15,76.3539,0
3.6835,7.59303,0,-268.35,75.9704,0
3.68548,7.60911,0,-268.548,75.5867,0
3.68745,7.6252,0,-268.745,75.2026,0
3.68941,7.64129,0,-268.941,74.8182,0
3.69136,7.65738,0,-269.136,74.4335,0
3.69329,7.67348,0,-269.33,74.0486,0
3.69522,7.68958,0,-269.522,73.6633,0
3.69713,7.70569,0,-269.713,73.2777,0
3.69903,7.72179,0,-269.903,72.8918,0
3.70091,7.7379,0,-270.091,72.5057,0
3.70278,7.75401,0,-270.279,72.1192,0
3.70465,7.77013,0,-270.465,71.7325,0
3.70649,7.78624,0,-270.65,71.3455,0
3.70833,7.80236,0,-270.833,70.9581,0
3.71015,7.81849,0,-271.016,70.5705,0
3.71197,7.83461,0,-271.197,70.1827,0
3.71377,7.85074,0,-271.377,69.7945,0
3.71555,7.86688,0,-271.556,69.4061,0
3.71733,7.88301,0,-271.733,69.0174,0
3.71909,7.89915,0,-271.909,68.6284,0
3.72084,7.91529,0,-272.084,68.2392,0
3.72258,7.93143,0,-272.258,67.8496,0
3.72431,7.94757,0,-272.431,67.4599,0
3.72602,7.96372,0,-272.602,67.0698,0
3.72772,7.97987,0,-272.772,66.6795,0
3.72941,7.99603,0,-272.941,66.2889,0
3.73109,8.01218,0,-273.109,65.8981,0
3.73275,8.02834,0,-273.276,65.507,0
3.73441,8.0445,0,-273.441,65.1157,0
3.73605,8.06066,0,-273.605,64.7241,0
3.73768,8.07683,0,-273.768,64.3323,0
3.73929,8.093,0,-273.929,63.9402,0
3.7409,8.10917,0,-274.09,63.5479,0
3.74249,8.12534,0,-274.249,63.1553,0
3.74407,8.14152,0,-274.407,62.7625,0
3.74563,8.15769,0,-274.563,62.3694,0
3.74719,8.17387,0,-274.719,61.9761,0
3.74873,8.19006,0,-274.873,61.5826,0
3.75026,8.20624,0,-275.026,61.1888,0
3.75178,8.22243,0,-275.178,60.7948,0
3.75329,8.23862,0,-275.329,60.4006,0
3.75478,8.25481,0,-275.478,60.0061,0
3.75626,8.27101,0,-275.626,59.6115,0
3.75773,8.2872,0,-275.773,59.2166,0
3.75919,8.3034,0,-275.919,58.8214,0
3.76063,8.3196,0,-276.063,58.4261,0
3.76207,8.3358,0,-276.207,58.0305,0
3.76349,8.35201,0,-276.349,57.6348,0
3.7649,8.36822,0,-276.49,57.2388,0
3.76629,8.38443,0,-276.629,56.8426,0
3.76768,8.40064,0,-276.768,56.4461,0
3.76905,8.41685,0,-276.905,56.0495,0
3.77041,8.43307,0,-277.041,55.6527,0
3.77176,8.44929,0,-277.176,55.2556,0
3.77309,8.46551,0,-277.309,54.8584,0
3.77442,8.48173,0,-277.442,54.461,0
3.77573,8.49795,0,-277.573,54.0633,0
3.77703,8.51418,0,-277.703,53.6655,0
3.77831,8.53041,0,-277.831,53.2675,0
3.77959,8.54663,0,-277.959,52.8692,0
3.78085,8.56287,0,-278.085,52.4708,0
3.7821,8.5791,0,-278.21,52.0722,0
3.78334,8.59534,0,-278.334,51.6734,0
3.78457,8.61157,0,-278.457,51.2745,0
3.78578,8.62781,0,-278.578,50.8753,0
3.78698,8.64405,0,-278.698,50.476,0
3.78817,8.6603,0,-278.817,50.0764,0
3.78935,8.67654,0,-278.935,49.6767,0
3.79051,8.69279,0,-279.052,49.2769,0
3.79167,8.70903,0,-279.167,48.8768,0
3.79281,8.72528,0,-279.281,48.4766,0
3.79394,8.74153,0,-279.394,48.0762,0
3.79506,8.75779,0,-279.506,47.6757,0
3.79616,8.77404,0,-279.616,47.2749,0
3.79725,8.7903,0,-279.726,46.874,0
3.79834,8.80656,0,-279.834,46.473,0
3.7994,8.82281,0,-279.941,46.0718,0
3.80046,8.83908,0,-280.046,45.6704,0
3.80151,8.85534,0,-280.151,45.2689,0
3.80254,8.8716,0,-280.254,44.8672,0
3.80356,8.88787,0,-280.356,44.4654,0
3.80457,8.90414,0,-280.457,44.0634,0
3.80556,8.9204,0,-280.556,43.6612,0
3.80655,8.93668,0,-280.655,43.2589,0
3.80752,8.95295,0,-280.752,42.8565,0
3.80848,8.96922,0,-280.848,42.4539,0
3.80943,8.98549,0,-280.943,42.0512,0
3.81036,9.00177,0,-281.036,41.6484,0
3.81128,9.01805,0,-281.129,41.2454,0
3.8122,9.03433,0,-281.22,40.8422,0
3.8131,9.05061,0,-281.31,40.439,0
3.81398,9.06689,0,-281.398,40.0356,0
3.81486,9.08317,0,-281.486,39.632,0
3.81572,9.09946,0,-281.572,39.2284,0
3.81657,9.11574,0,-281.657,38.8246,0
3.81741,9.13203,0,-281.741,38.4207,0
3.81824,9.14832,0,-281.824,38.0166,0
3.81905,9.1646,0,-281.905,37.6125,0
3.81986,9.18089,0,-281.986,37.2082,0
3.82065,9.19719,0,-282.065,36.8038,0
3.82143,9.21348,0,-282.143,36.3993,0
3.82219,9.22977,0,-282.219,35.9946,0
3.82295,9.24607,0,-282.295,35.5899,0
3.82369,9.26236,0,-282.369,35.1851,0
3.82442,9.27866,0,-282.442,34.7801,0
3.82514,9.29496,0,-282.514,34.375,0
3.82584,9.31126,0,-282.585,33.9698,0
3.82654,9.32756,0,-282.654,33.5646,0
3.82722,9.34386,0,-282.722,33.1592,0
3.82789,9.36016,0,-282.789,32.7537,0
3.82855,9.37646,0,-282.855,32.3481,0
3.82919,9.39277,0,-282.92,31.9424,0
3.82983,9.40907,0,-282.983,31.5367,0
3.83045,9.42538,0,-283.045,31.1308,0
3.83106,9.44169,0,-283.106,30.7248,0
3.83166,9.45799,0,-283.166,30.3188,0
3.83224,9.4743,0,-283.225,29.9127,0
3.83282,9.49061,0,-283.282,29.5064,0
3.83338,9.50692,0,-283.338,29.1001,0
3.83393,9.52324,0,-283.393,28.6937,0
3.83447,9.53955,0,-283.447,28.2873,0
3.83499,9.55586,0,-283.499,27.8807,0
3.83551,9.57217,0,-283.551,27.4741,0
3.83601,9.58849,0,-283.601,27.0674,0
3.8365,9.6048,0,-283.65,26.6607,0
3.83697,9.62112,0,-283.698,26.2538,0
3.83744,9.63743,0,-283.744,25.8469,0
3.83789,9.65375,0,-283.789,25.4399,0
3.83834,9.67007,0,-283.834,25.0329,0
3.83876,9.68639,0,-283.876,24.6258,0
3.83918,9.70271,0,-283.918,24.2186,0
3.83959,9.71903,0,-283.959,23.8114,0
3.83998,9.73535,0,-283.998,23.4041,0
3.84036,9.75167,0,-284.036,22.9967,0
3.84073,9.76799,0,-284.073,22.5893,0
3.84109,9.78431,0,-284.109,22.1819,0
3.84143,9.80063,0,-284.143,21.7744,0
3.84177,9.81696,0,-284.177,21.3668,0
3.84209,9.83328,0,-284.209,20.9592,0
3.8424,9.8496,0,-284.24,20.5516,0
3.84269,9.86593,0,-284.269,20.1439,0
3.84298,9.88225,0,-284.298,19.7361,0
3.84325,9.89858,0,-284.325,19.3283,0
3.84351,9.9149,0,-284.351,18.9205,0
3.84376,9.93123,0,-284.376,18.5127,0
3.844,9.94756,0,-284.4,18.1048,0
3.84422,9.96388,0,-284.422,17.6968,0
3.84444,9.98021,0,-284.444,17.2889,0
3.84464,9.99654,0,-284.464,16.8809,0
3.84482,10.0129,0,-284.483,16.4729,0
3.845,10.0292,0,-284.5,16.0648,0
3.84517,10.0455,0,-284.517,15.6567,0
3.84532,10.0618,0,-284.532,15.2487,0
3.84546,10.0782,0,-284.546,14.8405,0
3.84559,10.0945,0,-284.559,14.4324,0
3.84571,10.1108,0,-284.571,14.0242,0
3.84581,10.1272,0,-284.581,13.6161,0
3.8459,10.1435,0,-284.59,13.2079,0
3.84598,10.1598,0,-284.598,12.7997,0
3.84605,10.1762,0,-284.605,12.3915,0
3.84611,10.1925,0,-284.611,11.9833,0
3.84615,10.2088,0,-284.615,11.575,0
3.84619,10.2251,0,-284.619,11.1668,0
3.84621,10.2415,0,-284.621,10.7586,0
3.84621,10.2578,0,-284.621,10.3503,0
3.84621,10.2741,0,-284.621,9.94209,0
3.8462,10.2905,0,-284.62,9.53386,0
3.84617,10.3068,0,-284.617,9.12562,0
3.84613,10.3231,0,-284.613,8.7174,0
3.84608,10.3395,0,-284.608,8.30917,0
3.84601,10.3558,0,-284.601,7.90096,0
3.84594,10.3721,0,-284.594,7.49276,0
3.84585,10.3884,0,-284.585,7.08457,0
3.84575,10.4048,0,-284.575,6.67639,0
3.84564,10.4211,0,-284.564,6.26823,0
3.84552,10.4374,0,-284.552,5.86008,0
3.84538,10.4538,0,-284.538,5.45196,0
3.84523,10.4701,0,-284.523,5.04385,0
3.84507,10.4864,0,-284.507,4.63577,0
3.8449,10.5027,0,-284.49,4.22771,0
3.84472,10.5191,0,-284.472,3.81968,0
3.84452,10.5354,0,-284.452,3.41168,0
3.84431,10.5517,0,-284.431,3.0037,0
3.84409,10.568,0,-284.409,2.59576,0
3.84386,10.5844,0,-284.386,2.18785,0
3.84362,10.6007,0,-284.362,1.77998,0
3.84336,10.617,0,-284.336,1.37214,0
3.84309,10.6334,0,-284.309,0.964344,0
3.84281,10.6497,0,-284.281,0.556585,0
3.84252,10.666,0,-284.252,0.148869,0
3.84222,10.6823,0,-284.222,-0.258803,0
3.8419,10.6987,0,-284.19,-0.666429,0
3.84157,10.715,0,-284.157,-1.07401,0
3.84123,10.7313,0,-284.123,-1.48154,0
3.84088,10.7476,0,-284.088,-1.88902,0
3.84052,10.7639,0,-284.052,-2.29644,0
3.84014,10.7803,0,-284.014,-2.70381,0
3.83975,10.7966,0,-283.975,-3.11113,0
3.83935,10.8129,0,-283.935,-3.51839,0
3.83894,10.8292,0,-283.894,-3.92558,0
3.83852,10.8455,0,-283.852,-4.33272,0
3.83808,10.8619,0,-283.808,-4.73979,0
3.83763,10.8782,0,-283.763,-5.1468,0
3.83717,10.8945,0,-283.717,-5.55374,0
3.8367,10.9108,0,-283.67,-5.96061,0
3.83622,10.9271,0,-283.622,-6.36741,0
3.83572,10.9434,0,-283.572,-6.77414,0
3.83521,10.9598,0,-283.521,-7.18079,0
3.83469,10.9761,0,-283.469,-7.58737,0
3.83416,10.9924,0,-283.416,-7.99387,0
3.83361,11.0087,0,-283.361,-8.40029,0
3.83306,11.025,0,-283.306,-8.80663,0
3.83249,11.0413,0,-283.249,-9.21288,0
3.83191,11.0576,0,-283.191,-9.61905,0
3.83131,11.0739,0,-283.131,-10.0251,0
3.83071,11.0902,0,-283.071,-10.4311,0
3.83009,11.1065,0,-283.009,-10.837,0
3.82946,11.1228,0,-282.946,-11.2429,0
3.82882,11.1392,0,-282.882,-11.6486,0
3.82817,11.1555,0,-282.817,-12.0542,0
3.8275,11.1718,0,-282.75,-12.4597,0
3.82683,11.1881,0,-282.683,-12.8651,0
3.82614,11.2044,0,-282.614,-13.2705,0
3.82544,11.2207,0,-282.544,-13.6757,0
3.82472,11.237,0,-282.472,-14.0808,0
3.824,11.2533,0,-282.4,-14.4858,0
3.82326,11.2696,0,-282.326,-14.8907,0
3.82251,11.2858,0,-282.251,-15.2955,0
3.82175,11.3021,0,-282.175,-15.7002,0
3.82098,11.3184,0,-282.098,-16.1048,0
3.82019,11.3347,0,-282.019,-16.5092,0
3.81939,11.351,0,-281.939,-16.9135,0
3.81858,11.3673,0,-281.858,-17.3178,0
3.81776,11.3836,0,-281.776,-17.7218,0
3.81693,11.3999,0,-281.693,-18.1258,0
3.81608,11.4162,0,-281.608,-18.5297,0
3.81522,11.4325,0,-281.522,-18.9334,0
3.81435,11.4487,0,-281.435,-19.337,0
3.81347,11.465,0,-281.347,-19.7404,0
3.81258,11.4813,0,-281.258,-20.1437,0
3.81167,11.4976,0,-281.167,-20.5469,0
3.81075,11.5139,0,-281.075,-20.95,0
3.80982,11.5301,0,-280.982,-21.3529,0
3.80888,11.5464,0,-280.888,-21.7557,0
3.80792,11.5627,0,-280.792,-22.1583,0
3.80696,11.579,0,-280.696,-22.5608,0
3.80598,11.5952,0,-280.598,-22.9632,0
3.80499,11.6115,0,-280.499,-23.3654,0
3.80398,11.6278,0,-280.398,-23.7674,0
3.80297,11.644,0,-280.297,-24.1693,0
3.80194,11.6603,0,-280.194,-24.5711,0
3.8009,11.6766,0,-280.09,-24.9727,0
3.79985,11.6928,0,-279.985,-25.3741,0
3.79879,11.7091,0,-279.879,-25.7754,0
3.79771,11.7253,0,-279.771,-26.1765,0
3.79662,11.7416,0,-279.662,-26.5775,0
3.79552,11.7579,0,-279.552,-26.9783,0
3.79441,11.7741,0,-279.441,-27.3789,0
3.79329,11.7904,0,-279.329,-27.7794,0
3.79215,11.8066,0,-279.215,-28.1797,0
3.791,11.8229,0,-279.1,-28.5798,0
3.78984,11.8391,0,-278.984,-28.9797,0
3.78867,11.8554,0,-278.867,-29.3795,0
3.78748,11.8716,0,-278.748,-29.7791,0
3.78629,11.8878,0,-278.629,-30.1785,0
3.78508,11.9041,0,-278.508,-30.5778,0
3.78386,11.9203,0,-278.386,-30.9768,0
3.78262,11.9366,0,-278.262,-31.3757,0
3.78138,11.9528,0,-278.138,-31.7744,0
3.78012,11.969,0,-278.012,-32.1729,0
3.77885,11.9852,0,-277.885,-32.5712,0
3.77757,12.0015,0,-277.757,-32.9693,0
3.77627,12.0177,0,-277.627,-33.3672,0
3.77497,12.0339,0,-277.497,-33.7649,0
3.77365,12.0502,0,-277.365,-34.1625,0
3.77232,12.0664,0,-277.232,-34.5598,0
3.77098,12.0826,0,-277.098,-34.9569,0
3.76962,12.0988,0,-276.962,-35.3538,0
3.76825,12.115,0,-276.825,-35.7505,0
3.76687,12.1312,0,-276.687,-36.147,0
3.76548,12.1474,0,-276.548,-36.5433,0
3.76408,12.1637,0,-276.408,-36.9394,0
3.76266,12.1799,0,-276.266,-37.3353,0
3.76124,12.1961,0,-276.124,-37.731,0
3.7598,12.2123,0,-275.98,-38.1264,0
3.75834,12.2285,0,-275.834,-38.5216,0
3.75688,12.2447,0,-275.688,-38.9166,0
3.7554,12.2609,0,-275.54,-39.3114,0
3.75391,12.2771,0,-275.391,-39.706,0
3.75241,12.2932,0,-275.241,-40.1003,0
3.7509,12.3094,0,-275.09,-40.4944,0
3.74937,12.3256,0,-274.937,-40.8882,0
3.74784,12.3418,0,-274.784,-41.2819,0
3.74629,12.358,0,-274.629,-41.6753,0
3.74472,12.3742,0,-274.473,-42.0684,0
3.74315,12.3903,0,-274.315,-42.4613,0
3.74156,12.4065,0,-274.156,-42.854,0
3.73997,12.4227,0,-273.997,-43.2465,0
3.73835,12.4389,0,-273.836,-43.6387,0
3.73673,12.455,0,-273.673,-44.0306,0
3.7351,12.4712,0,-273.51,-44.4223,0
3.73345,12.4873,0,-273.345,-44.8137,0
3.73179,12.5035,0,-273.179,-45.2049,0
3.73012,12.5197,0,-273.012,-45.5959,0
3.72843,12.5358,0,-272.843,-45.9866,0
3.72674,12.552,0,-272.674,-46.377,0
3.72503,12.5681,0,-272.503,-46.7671,0
3.72331,12.5843,0,-272.331,-47.157,0
3.72157,12.6004,0,-272.157,-47.5467,0
3.71983,12.6165,0,-271.983,-47.936,0
3.71807,12.6327,0,-271.807,-48.3251,0
3.7163,12.6488,0,-271.63,-48.714,0
3.71452,12.665,0,-271.452,-49.1025,0
3.71272,12.6811,0,-271.272,-49.4908,0
3.71092,12.6972,0,-271.092,-49.8788,0
3.7091,12.7133,0,-270.91,-50.2665,0
3.70727,12.7295,0,-270.727,-50.6539,0
3.70542,12.7456,0,-270.542,-51.0411,0
3.70357,12.7617,0,-270.357,-51.4279,0
3.7017,12.7778,0,-270.17,-51.8145,0
3.69982,12.7939,0,-269.982,-52.2008,0
3.69792,12.81,0,-269.793,-52.5868,0
3.69602,12.8261,0,-269.602,-52.9725,0
3.6941,12.8422,0,-269.41,-53.3579,0
3.69217,12.8583,0,-269.217,-53.743,0
3.69023,12.8744,0,-269.023,-54.1278,0
3.68828,12.8905,0,-268.828,-54.5123,0
3.68631,12.9066,0,-268.631,-54.8965,0
3.68433,12.9227,0,-268.433,-55.2804,0
3.68234,12.9388,0,-268.234,-55.664,0
3.68034,12.9549,0,-268.034,-56.0473,0
3.67832,12.9709,0,-267.832,-56.4303,0
3.67629,12.987,0,-267.629,-56.8129,0
3.67425,13.0031,0,-267.425,-57.1952,0
3.6722,13.0191,0,-267.22,-57.5772,0
3.67013,13.0352,0,-267.013,-57.9589,0
3.66805,13.0513,0,-266.805,-58.3403,0
3.66596,13.0673,0,-266.596,-58.7213,0
3.66386,13.0834,0,-266.386,-59.102,0
3.66175,13.0994,0,-266.175,-59.4824,0
3.65962,13.1155,0,-265.962,-59.8625,0
3.65748,13.1315,0,-265.748,-60.2422,0
3.65533,13.1476,0,-265.533,-60.6215,0
3.65316,13.1636,0,-265.316,-61.0006,0
3.65099,13.1796,0,-265.099,-61.3793,0
3.6488,13.1957,0,-264.88,-61.7576,0
3.6466,13.2117,0,-264.66,-62.1356,0
3.64438,13.2277,0,-264.438,-62.5133,0
3.64216,13.2437,0,-264.216,-62.8906,0
3.63992,13.2598,0,-263.992,-63.2675,0
3.63767,13.2758,0,-263.767,-63.6441,0
3.6354,13.2918,0,-263.54,-64.0204,0
3.63313,13.3078,0,-263.313,-64.3963,0
3.63084,13.3238,0,-263.084,-64.7718,0
3.62854,13.3398,0,-262.854,-65.1469,0
3.62622,13.3558,0,-262.623,-65.5217,0
3.6239,13.3718,0,-262.39,-65.8961,0
3.62156,13.3878,0,-262.156,-66.2702,0
3.61921,13.4037,0,-261.921,-66.6439,0
3.61685,13.4197,0,-261.685,-67.0172,0
3.61447,13.4357,0,-261.447,-67.3901,0
3.61208,13.4517,0,-261.209,-67.7626,0
3.60968,13.4676,0,-260.969,-68.1348,0
3.60727,13.4836,0,-260.727,-68.5066,0
3.60485,13.4996,0,-260.485,-68.878,0
3.60241,13.5155,0,-260.241,-69.249,0
3.59996,13.5315,0,-259.996,-69.6196,0
3.5975,13.5474,0,-259.75,-69.9898,0
3.59502,13.5634,0,-259.502,-70.3596,0
3.59253,13.5793,0,-259.253,-70.729,0
3.59003,13.5953,0,-259.003,-71.0981,0
3.58752,13.6112,0,-258.752,-71.4667,0
3.58499,13.6271,0,-258.5,-71.8349,0
3.58246,13.6431,0,-258.246,-72.2027,0
3.57991,13.659,0,-257.991,-72.5701,0
3.57734,13.6749,0,-257.735,-72.9371,0
3.57477,13.6908,0,-257.477,-73.3036,0
3.57218,13.7067,0,-257.218,-73.6698,0
3.56958,13.7226,0,-256.958,-74.0355,0
3.56697,13.7385,0,-256.697,-74.4008,0
3.56434,13.7544,0,-256.434,-74.7657,0
3.5617,13.7703,0,-256.171,-75.1302,0
3.55905,13.7862,0,-255.906,-75.4942,0
3.55639,13.8021,0,-255.639,-75.8578,0
3.55372,13.818,0,-255.372,-76.221,0
3.55103,13.8338,0,-255.103,-76.5837,0
3.54833,13.8497,0,-254.833,-76.946,0
3.54561,13.8656,0,-254.562,-77.3078,0
3.54289,13.8814,0,-254.289,-77.6692,0
3.54015,13.8973,0,-254.015,-78.0301,0
3.5374,13.9131,0,-253.74,-78.3906,0
3.53463,13.929,0,-253.464,-78.7507,0
3.53186,13.9448,0,-253.186,-79.1103,0
3.52907,13.9607,0,-252.907,-79.4694,0
3.52627,13.9765,0,-252.627,-79.8281,0
3.52345,13.9923,0,-252.346,-80.1863,0
3.52063,14.0082,0,-252.063,-80.5441,0
3.51779,14.024,0,-251.779,-80.9013,0
3.51494,14.0398,0,-251.494,-81.2581,0
3.51207,14.0556,0,-251.207,-81.6145,0
3.50919,14.0714,0,-250.92,-81.9704,0
3.5063,14.0872,0,-250.631,-82.3257,0
3.5034,14.103,0,-250.34,-82.6806,0
3.50049,14.1188,0,-250.049,-83.0351,0
3.49756,14.1346,0,-249.756,-83.389,0
3.49462,14.1504,0,-249.462,-83.7425,0
3.49166,14.1661,0,-249.167,-84.0954,0
3.4887,14.1819,0,-248.87,-84.4479,0
3.48572,14.1977,0,-248.572,-84.7999,0
3.48273,14.2134,0,-248.273,-85.1513,0
3.47972,14.2292,0,-247.973,-85.5023,0
3.47671,14.245,0,-247.671,-85.8528,0
3.47368,14.2607,0,-247.368,-86.2027,0
3.47064,14.2764,0,-247.064,-86.5522,0
3.46758,14.2922,0,-246.758,-86.9011,0
3.46451,14.3079,0,-246.451,-87.2496,0
3.46143,14.3236,0,-246.143,-87.5975,0
3.45834,14.3394,0,-245.834,-87.9449,0
3.45523,14.3551,0,-245.524,-88.2917,0
3.45212,14.3708,0,-245.212,-88.6381,0
3.44898,14.3865,0,-244.899,-88.9839,0
3.44584,14.4022,0,-244.584,-89.3291,0
3.44268,14.4179,0,-244.268,-89.6739,0
3.43951,14.4336,0,-243.952,-90.0181,0
3.43633,14.4493,0,-243.633,-90.3618,0
3.43314,14.4649,0,-243.314,-90.7049,0
3.42993,14.4806,0,-242.993,-91.0475,0
3.42671,14.4963,0,-242.671,-91.3895,0
3.42347,14.5119,0,-242.348,-91.731,0
3.42023,14.5276,0,-242.023,-92.0719,0
3.41697,14.5432,0,-241.697,-92.4123,0
3.4137,14.5589,0,-241.37,-92.7521,0
3.41041,14.5745,0,-241.041,-93.0914,0
3.40711,14.5902,0,-240.712,-93.4301,0
3.4038,14.6058,0,-240.381,-93.7682,0
3.40048,14.6214,0,-240.048,-94.1058,0
3.39714,14.637,0,-239.715,-94.4427,0
3.3938,14.6527,0,-239.38,-94.7791,0
3.39043,14.6683,0,-239.044,-95.115,0
3.38706,14.6839,0,-238.706,-95.4502,0
3.38367,14.6995,0,-238.367,-95.7848,0
3.38027,14.715,0,-238.027,-96.1189,0
3.37686,14.7306,0,-237.686,-96.4524,0
3.37343,14.7462,0,-237.343,-96.7853,0
3.36999,14.7618,0,-236.999,-97.1175,0
3.36654,14.7773,0,-236.654,-97.4492,0
3.36308,14.7929,0,-236.308,-97.7803,0
3.3596,14.8084,0,-235.96,-98.1108,0
3.35611,14.824,0,-235.611,-98.4406,0
3.3526,14.8395,0,-235.26,-98.7699,0
3.34909,14.8551,0,-234.909,-99.0985,0
3.34556,14.8706,0,-234.556,-99.4265,0
3.34201,14.8861,0,-234.202,-99.7539,0
3.33846,14.9016,0,-233.846,-100.081,0
3.33489,14.9171,0,-233.489,-100.407,0
3.33131,14.9326,0,-233.131,-100.732,0
3.32772,14.9481,0,-232.772,-101.057,0
3.32411,14.9636,0,-232.411,-101.381,0
3.32049,14.9791,0,-232.049,-101.705,0
3.31685,14.9946,0,-231.686,-102.028,0
3.31321,15.0101,0,-231.321,-102.35,0
3.30955,15.0255,0,-230.955,-102.672,0
3.30588,15.041,0,-230.588,-102.993,0
3.30219,15.0564,0,-230.219,-103.313,0
3.29849,15.0719,0,-229.85,-103.633,0
3.29478,15.0873,0,-229.478,-103.952,0
3.29106,15.1027,0,-229.106,-104.27,0
3.28732,15.1182,0,-228.732,-104.588,0
3.28357,15.1336,0,-228.357,-104.905,0
3.27981,15.149,0,-227.981,-105.221,0
3.27603,15.1644,0,-227.603,-105.537,0
3.27224,15.1798,0,-227.224,-105.852,0
3.26844,15.1952,0,-226.844,-106.166,0
3.26462,15.2106,0,-226.463,-106.48,0
3.26079,15.2259,0,-226.08,-106.793,0
3.25695,15.2413,0,-225.696,-107.105,0
3.2531,15.2567,0,-225.31,-107.417,0
3.24923,15.272,0,-224.923,-107.727,0
3.24535,15.2874,0,-224.535,-108.038,0
3.24146,15.3027,0,-224.146,-108.347,0
3.23755,15.3181,0,-223.755,-108.656,0
3.23363,15.3334,0,-223.363,-108.964,0
3.22969,15.3487,0,-222.97,-109.271,0
3.22575,15.364,0,-222.575,-109.577,0
3.22179,15.3793,0,-222.179,-109.883,0
3.21782,15.3946,0,-221.782,-110.188,0
3.21383,15.4099,0,-221.383,-110.493,0
3.20983,15.4252,0,-220.983,-110.796,0
3.20582,15.4405,0,-220.582,-111.099,0
3.20179,15.4557,0,-220.179,-111.401,0
3.19775,15.471,0,-219.775,-111.703,0
3.1937,15.4863,0,-219.37,-112.003,0
3.18964,15.5015,0,-218.964,-112.303,0
3.18556,15.5167,0,-218.556,-112.602,0
3.18147,15.532,0,-218.147,-112.9,0
3.17736,15.5472,0,-217.736,-113.198,0
3.17324,15.5624,0,-217.324,-113.495,0
3.16911,15.5776,0,-216.911,-113.791,0
3.16497,15.5928,0,-216.497,-114.086,0
3.16081,15.608,0,-216.081,-114.381,0
3.15664,15.6232,0,-215.664,-114.674,0
3.15246,15.6384,0,-215.246,-114.967,0
3.14826,15.6535,0,-214.826,-115.259,0
3.14405,15.6687,0,-214.405,-115.551,0
3.13982,15.6838,0,-213.982,-115.841,0
3.13559,15.699,0,-213.559,-116.131,0
3.13134,15.7141,0,-213.134,-116.42,0
3.12707,15.7293,0,-212.707,-116.708,0
3.1228,15.7444,0,-212.28,-116.995,0
3.11851,15.7595,0,-211.851,-117.281,0
3.1142,15.7746,0,-211.42,-117.567,0
3.10988,15.7897,0,-210.989,-117.852,0
3.10555,15.8048,0,-210.556,-118.136,0
3.10121,15.8199,0,-210.121,-118.419,0
3.09685,15.8349,0,-209.685,-118.701,0
3.09248,15.85,0,-209.248,-118.983,0
3.0881,15.865,0,-208.81,-119.263,0
3.0837,15.8801,0,-208.37,-119.543,0
3.07929,15.8951,0,-207.929,-119.822,0
3.07487,15.9101,0,-207.487,-120.1,0
3.07043,15.9252,0,-207.043,-120.377,0
3.06598,15.9402,0,-206.598,-120.653,0
3.06152,15.9552,0,-206.152,-120.929,0
3.05704,15.9702,0,-205.704,-121.203,0
3.05255,15.9852,0,-205.255,-121.477,0
3.04805,16.0001,0,-204.805,-121.75,0
3.04353,16.0151,0,-204.353,-122.022,0
3.039,16.0301,0,-203.9,-122.293,0
3.03445,16.045,0,-203.446,-122.563,0
3.0299,16.0599,0,-202.99,-122.832,0
3.02533,16.0749,0,-202.533,-123.1,0
3.02074,16.0898,0,-202.074,-123.368,0
3.01614,16.1047,0,-201.614,-123.634,0
3.01153,16.1196,0,-201.153,-123.9,0
3.00691,16.1345,0,-200.691,-124.164,0
3.00227,16.1494,0,-200.227,-124.428,0
2.99762,16.1643,0,-199.762,-124.691,0
2.99295,16.1791,0,-199.295,-124.953,0
2.98827,16.194,0,-198.827,-125.214,0
2.98358,16.2088,0,-198.358,-125.474,0
2.97888,16.2237,0,-197.888,-125.733,0
2.97416,16.2385,0,-197.416,-125.991,0
2.96942,16.2533,0,-196.942,-126.248,0
2.96468,16.2681,0,-196.468,-126.504,0
2.95992,16.2829,0,-195.992,-126.759,0
2.95515,16.2977,0,-195.514,-127.013,0
2.95036,16.3125,0,-195.036,-127.266,0
2.94556,16.3273,0,-194.556,-127.519,0
2.94074,16.342,0,-194.074,-127.77,0
2.93592,16.3568,0,-193.592,-128.02,0
2.93108,16.3715,0,-193.108,-128.269,0
2.92622,16.3862,0,-192.622,-128.518,0
2.92135,16.401,0,-192.135,-128.765,0
2.91647,16.4157,0,-191.647,-129.011,0
2.91158,16.4304,0,-191.158,-129.256,0
2.90667,16.4451,0,-190.667,-129.501,0
2.90175,16.4597,0,-190.175,-129.744,0
2.89681,16.4744,0,-189.681,-129.986,0
2.89186,16.4891,0,-189.186,-130.227,0
2.8869,16.5037,0,-188.69,-130.467,0
2.88192,16.5184,0,-188.192,-130.706,0
2.87693,16.533,0,-187.693,-130.944,0
2.87193,16.5476,0,-187.193,-131.181,0
2.86691,16.5622,0,-186.691,-131.417,0
2.86188,16.5768,0,-186.188,-131.652,0
2.85683,16.5914,0,-185.683,-131.886,0
2.85177,16.606,0,-185.177,-132.118,0
2.8467,16.6205,0,-184.67,-132.35,0
2.84162,16.6351,0,-184.161,-132.58,0
2.83652,16.6496,0,-183.652,-132.81,0
2.8314,16.6642,0,-183.14,-133.038,0
2.82628,16.6787,0,-182.628,-133.265,0
2.82114,16.6932,0,-182.113,-133.491,0
2.81598,16.7077,0,-181.598,-133.716,0
2.81081,16.7222,0,-181.081,-133.94,0
2.80563,16.7366,0,-180.563,-134.163,0
2.80044,16.7511,0,-180.044,-134.385,0
2.79523,16.7656,0,-179.523,-134.605,0
2.79001,16.78,0,-179,-134.825,0
2.78477,16.7944,0,-178.477,-135.043,0
2.77952,16.8088,0,-177.952,-135.26,0
2.77426,16.8232,0,-177.425,-135.476,0
2.76898,16.8376,0,-176.898,-135.691,0
2.76369,16.852,0,-176.369,-135.904,0
2.75838,16.8664,0,-175.838,-136.117,0
2.75306,16.8808,0,-175.306,-136.328,0
2.74773,16.8951,0,-174.773,-136.538,0
2.74238,16.9094,0,-174.238,-136.747,0
2.73702,16.9238,0,-173.702,-136.954,0
2.73165,16.9381,0,-173.165,-137.161,0
2.72626,16.9524,0,-172.626,-137.366,0
2.72086,16.9667,0,-172.086,-137.57,0
2.71545,16.9809,0,-171.545,-137.773,0
2.71002,16.9952,0,-171.002,-137.975,0
2.70458,17.0095,0,-170.458,-138.175,0
2.69912,17.0237,0,-169.912,-138.374,0
2.69365,17.0379,0,-169.365,-138.572,0
2.68817,17.0521,0,-168.817,-138.769,0
2.68267,17.0663,0,-168.267,-138.964,0
2.67716,17.0805,0,-167.716,-139.159,0
2.67163,17.0947,0,-167.163,-139.352,0
2.66609,17.1089,0,-166.609,-139.543,0
2.66054,17.123,0,-166.054,-139.734,0
2.65497,17.1372,0,-165.497,-139.923,0
2.64939,17.1513,0,-164.939,-140.11,0
2.6438,17.1654,0,-164.38,-140.297,0
2.63819,17.1795,0,-163.819,-140.482,0
2.63257,17.1936,0,-163.257,-140.666,0
2.62693,17.2077,0,-162.693,-140.849,0
2.62128,17.2217,0,-162.128,-141.03,0
2.61562,17.2358,0,-161.562,-141.21,0
2.60994,17.2498,0,-160.994,-141.388,0
2.60425,17.2638,0,-160.425,-141.566,0
2.59855,17.2778,0,-159.855,-141.742,0
2.59283,17.2918,0,-159.283,-141.916,0
2.5871,17.3058,0,-158.71,-142.089,0
2.58135,17.3198,0,-158.135,-142.261,0
2.57559,17.3337,0,-157.559,-142.432,0
2.56982,17.3476,0,-156.982,-142.601,0
2.56403,17.3616,0,-156.403,-142.768,0
2.55823,17.3755,0,-155.823,-142.935,0
2.55241,17.3894,0,-155.241,-143.099,0
2.54659,17.4033,0,-154.658,-143.263,0
2.54074,17.4171,0,-154.074,-143.425,0
2.53489,17.431,0,-153.488,-143.586,0
2.52901,17.4448,0,-152.901,-143.745,0
2.52313,17.4586,0,-152.313,-143.903,0
2.51723,17.4725,0,-151.723,-144.059,0
2.51132,17.4862,0,-151.132,-144.214,0
2.50539,17.5,0,-150.539,-144.367,0
2.49945,17.5138,0,-149.945,-144.519,0
2.4935,17.5276,0,-149.35,-144.67,0
2.48753,17.5413,0,-148.753,-144.819,0
2.48155,17.555,0,-148.155,-144.966,0
2.47555,17.5687,0,-147.555,-145.112,0
2.46955,17.5824,0,-146.954,-145.257,0
2.46352,17.5961,0,-146.352,-145.4,0
2.45749,17.6098,0,-145.748,-145.541,0
2.45144,17.6234,0,-145.143,-145.681,0
2.44537,17.637,0,-144.537,-145.82,0
2.43929,17.6506,0,-143.929,-145.957,0
2.4332,17.6642,0,-143.32,-146.092,0
2.42709,17.6778,0,-142.709,-146.226,0
2.42097,17.6914,0,-142.097,-146.358,0
2.41484,17.705,0,-141.484,-146.489,0
2.40869,17.7185,0,-140.869,-146.618,0
2.40253,17.732,0,-140.253,-146.745,0
2.39636,17.7455,0,-139.635,-146.871,0
2.39017,17.759,0,-139.016,-146.996,0
2.38396,17.7725,0,-138.396,-147.118,0
2.37775,17.786,0,-137.775,-147.24,0
2.37152,17.7994,0,-137.152,-147.359,0
2.36527,17.8128,0,-136.527,-147.477,0
2.35901,17.8262,0,-135.901,-147.593,0
2.35274,17.8396,0,-135.274,-147.708,0
2.34646,17.853,0,-134.646,-147.82,0
2.34016,17.8664,0,-134.016,-147.932,0
2.33384,17.8797,0,-133.384,-148.041,0
2.32752,17.893,0,-132.752,-148.149,0
2.32118,17.9063,0,-132.117,-148.255,0
2.31482,17.9196,0,-131.482,-148.36,0
2.30845,17.9329,0,-130.845,-148.462,0
2.30207,17.9462,0,-130.207,-148.563,0
2.29568,17.9594,0,-129.567,-148.663,0
2.28927,17.9726,0,-128.926,-148.76,0
2.28284,17.9858,0,-128.284,-148.856,0
2.27641,17.999,0,-127.64,-148.95,0
2.26996,18.0122,0,-126.995,-149.043,0
2.26349,18.0253,0,-126.349,-149.133,0
2.25701,18.0385,0,-125.701,-149.222,0
2.25052,18.0516,0,-125.052,-149.309,0
2.24402,18.0647,0,-124.401,-149.394,0
2.2375,18.0778,0,-123.749,-149.477,0
2.23096,18.0908,0,-123.096,-149.559,0
2.22442,18.1039,0,-122.441,-149.638,0
2.21786,18.1169,0,-121.785,-149.716,0
2.21128,18.1299,0,-121.128,-149.792,0
2.20469,18.1429,0,-120.469,-149.867,0
2.19809,18.1559,0,-119.809,-149.939,0
2.19148,18.1688,0,-119.148,-150.009,0
2.18485,18.1818,0,-118.485,-150.078,0
2.17821,18.1947,0,-117.821,-150.144,0
2.17155,18.2076,0,-117.155,-150.209,0
2.16488,18.2204,0,-116.488,-150.272,0
2.1582,18.2333,0,-115.82,-150.333,0
2.15151,18.2461,0,-115.15,-150.392,0
2.1448,18.259,0,-114.479,-150.449,0
2.13807,18.2718,0,-113.807,-150.504,0
2.13134,18.2845,0,-113.133,-150.557,0
2.12459,18.2973,0,-112.458,-150.608,0
2.11782,18.31,0,-111.782,-150.657,0
2.11104,18.3227,0,-111.104,-150.704,0
2.10425,18.3354,0,-110.425,-150.749,0
2.09745,18.3481,0,-109.745,-150.793,0
2.09063,18.3608,0,-109.063,-150.834,0
2.0838,18.3734,0,-108.38,-150.873,0
2.07696,18.386,0,-107.695,-150.91,0
2.0701,18.3986,0,-107.01,-150.945,0
2.06323,18.4112,0,-106.323,-150.977,0
2.05634,18.4238,0,-105.634,-151.008,0
2.04945,18.4363,0,-104.944,-151.037,0
2.04254,18.4488,0,-104.253,-151.063,0
2.03561,18.4613,0,-103.561,-151.088,0
2.02867,18.4738,0,-102.867,-151.11,0
2.02172,18.4862,0,-102.172,-151.13,0
2.01476,18.4986,0,-101.476,-151.148,0
2.00778,18.5111,0,-100.778,-151.164,0
2.00079,18.5234,0,-100.079,-151.178,0
1.99379,18.5358,0,-99.3786,-151.189,0
1.98677,18.5481,0,-98.677,-151.199,0
1.97974,18.5605,0,-97.974,-151.206,0
1.9727,18.5728,0,-97.2698,-151.211,0
1.96564,18.585,0,-96.5642,-151.213,0
1.95858,18.5973,0,-95.8573,-151.214,0
1.95149,18.6095,0,-95.1491,-151.212,0
1.9444,18.6217,0,-94.4397,-151.208,0
1.93729,18.6339,0,-93.7289,-151.202,0
1.93017,18.6461,0,-93.0169,-151.193,0
1.92304,18.6582,0,-92.3035,-151.182,0
1.91589,18.6703,0,-91.5889,-151.169,0
1.90873,18.6824,0,-90.873,-151.153,0
1.90156,18.6945,0,-90.1558,-151.135,0
1.89438,18.7065,0,-89.4373,-151.115,0
1.88718,18.7185,0,-88.7176,-151.092,0
1.87997,18.7305,0,-87.9966,-151.067,0
1.87274,18.7425,0,-87.2743,-151.039,0
1.86551,18.7545,0,-86.5507,-151.009,0
1.85826,18.7664,0,-85.8259,-150.977,0
1.851,18.7783,0,-85.0998,-150.942,0
1.84373,18.7902,0,-84.3725,-150.905,0
1.83644,18.802,0,-83.644,-150.866,0
1.82914,18.8138,0,-82.9141,-150.823,0
1.82183,18.8256,0,-82.1831,-150.779,0
1.81451,18.8374,0,-81.4508,-150.732,0
1.80717,18.8492,0,-80.7173,-150.682,0
1.79983,18.8609,0,-79.9825,-150.63,0
1.79247,18.8726,0,-79.2465,-150.575,0
1.7851,18.8843,0,-78.5093,-150.518,0
1.77771,18.8959,0,-77.7709,-150.458,0
1.77031,18.9075,0,-77.0312,-150.396,0
1.76291,18.9191,0,-76.2903,-150.331,0
1.75549,18.9307,0,-75.5483,-150.263,0
1.74805,18.9422,0,-74.805,-150.193,0
1.74061,18.9538,0,-74.0606,-150.12,0
1.73315,18.9653,0,-73.3149,-150.044,0
1.72568,18.9767,0,-72.5681,-149.966,0
1.7182,18.9882,0,-71.82,-149.885,0
1.71071,18.9996,0,-71.0708,-149.802,0
1.70321,19.011,0,-70.3205,-149.715,0
1.69569,19.0223,0,-69.5689,-149.626,0
1.68816,19.0336,0,-68.8163,-149.534,0
1.68063,19.0449,0,-68.0624,-149.44,0
1.67308,19.0562,0,-67.3074,-149.342,0
1.66551,19.0675,0,-66.5512,-149.242,0
1.65794,19.0787,0,-65.794,-149.139,0
1.65036,19.0899,0,-65.0355,-149.033,0
1.64276,19.101,0,-64.276,-148.925,0
1.63516,19.1122,0,-63.5153,-148.813,0
1.62754,19.1233,0,-62.7536,-148.699,0
1.61991,19.1343,0,-61.9907,-148.582,0
1.61227,19.1454,0,-61.2267,-148.461,0
1.60462,19.1564,0,-60.4616,-148.338,0
1.59696,19.1674,0,-59.6954,-148.212,0
1.58928,19.1784,0,-58.9281,-148.083,0
1.5816,19.1893,0,-58.1598,-147.951,0
1.57391,19.2002,0,-57.3904,-147.817,0
1.5662,19.211,0,-56.6199,-147.679,0
1.55849,19.2219,0,-55.8484,-147.538,0
1.55076,19.2327,0,-55.0759,-147.394,0
1.54303,19.2435,0,-54.3023,-147.247,0
1.53528,19.2542,0,-53.5276,-147.096,0
1.52752,19.2649,0,-52.752,-146.943,0
1.51976,19.2756,0,-51.9753,-146.787,0
1.51198,19.2863,0,-51.1976,-146.627,0
1.50419,19.2969,0,-50.4189,-146.465,0
1.49639,19.3075,0,-49.6393,-146.299,0
1.48859,19.318,0,-48.8586,-146.13,0
1.48077,19.3286,0,-48.077,-145.958,0
1.47295,19.3391,0,-47.2944,-145.782,0
1.46511,19.3495,0,-46.5108,-145.604,0
1.45727,19.3599,0,-45.7263,-145.422,0
1.44941,19.3703,0,-44.9409,-145.237,0
1.44155,19.3807,0,-44.1546,-145.048,0
1.43368,19.391,0,-43.3673,-144.857,0
1.42579,19.4013,0,-42.5791,-144.662,0
1.4179,19.4116,0,-41.79,-144.463,0
1.41,19.4218,0,-41,-144.261,0
1.40209,19.432,0,-40.2092,-144.056,0
1.39418,19.4422,0,-39.4175,-143.848,0
1.38625,19.4523,0,-38.6249,-143.636,0
1.37832,19.4624,0,-37.8315,-143.42,0
1.37038,19.4725,0,-37.0373,-143.201,0
1.36242,19.4825,0,-36.2422,-142.979,0
1.35447,19.4925,0,-35.4463,-142.753,0
1.3465,19.5024,0,-34.6496,-142.524,0
1.33852,19.5123,0,-33.8522,-142.291,0
1.33054,19.5222,0,-33.0539,-142.054,0
1.32255,19.5321,0,-32.2549,-141.814,0
1.31455,19.5419,0,-31.4552,-141.57,0
1.30655,19.5517,0,-30.6547,-141.323,0
1.29854,19.5614,0,-29.8535,-141.072,0
1.29052,19.5711,0,-29.0515,-140.817,0
1.28249,19.5808,0,-28.2489,-140.559,0
1.27446,19.5904,0,-27.4456,-140.297,0
1.26642,19.6,0,-26.6416,-140.031,0
1.25837,19.6095,0,-25.837,-139.762,0
1.25032,19.619,0,-25.0317,-139.489,0
1.24226,19.6285,0,-24.2258,-139.211,0
1.2342,19.638,0,-23.4193,-138.931,0
1.22612,19.6474,0,-22.6122,-138.646,0
1.21805,19.6567,0,-21.8045,-138.357,0
1.20996,19.666,0,-20.9962,-138.065,0
1.20188,19.6753,0,-20.1874,-137.768,0
1.19378,19.6846,0,-19.3781,-137.468,0
1.18568,19.6938,0,-18.5682,-137.164,0
1.17758,19.7029,0,-17.7579,-136.856,0
1.16947,19.7121,0,-16.947,-136.543,0
1.16136,19.7211,0,-16.1357,-136.227,0
1.15324,19.7302,0,-15.324,-135.907,0
1.14512,19.7392,0,-14.5118,-135.582,0
1.13699,19.7482,0,-13.6992,-135.254,0
1.12886,19.7571,0,-12.8862,-134.922,0
1.12073,19.766,0,-12.0728,-134.585,0
1.11259,19.7748,0,-11.2591,-134.244,0
1.10445,19.7836,0,-10.4451,-133.899,0
1.09631,19.7924,0,-9.6307,-133.55,0
1.08816,19.8011,0,-8.81604,-133.197,0
1.08001,19.8097,0,-8.0011,-132.839,0
1.07186,19.8184,0,-7.18591,-132.477,0
1.06371,19.827,0,-6.37049,-132.111,0
1.05555,19.8355,0,-5.55485,-131.74,0
1.04739,19.844,0,-4.73903,-131.365,0
1.03923,19.8524,0,-3.92304,-130.986,0
1.03107,19.8609,0,-3.1069,-130.603,0
1.02291,19.8692,0,-2.29064,-130.215,0
1.01475,19.8776,0,-1.47429,-129.822,0
1.00658,19.8858,0,-0.657857,-129.425,0
0.998416,19.8941,0,0.158622,-129.024,0
0.990251,19.9023,0,0.975127,-128.618,0
0.982086,19.9104,0,1.79163,-128.207,0
0.973921,19.9185,0,2.60811,-127.792,0
0.965757,19.9265,0,3.42454,-127.373,0
0.957594,19.9345,0,4.24089,-126.949,0
0.949431,19.9425,0,5.05714,-126.52,0
0.94127,19.9504,0,5.87326,-126.086,0
0.93311,19.9583,0,6.68922,-125.648,0
0.924953,19.9661,0,7.505,-125.205,0
0.916797,19.9739,0,8.32056,-124.758,0
0.908644,19.9816,0,9.13588,-124.305,0
0.900493,19.9893,0,9.95092,-123.848,0
0.892346,19.9969,0,10.7657,-123.386,0
0.884202,20.0045,0,11.5801,-122.92,0
0.876061,20.012,0,12.3941,-122.448,0
0.867925,20.0195,0,13.2078,-121.971,0
0.859793,20.0269,0,14.021,-121.49,0
0.851665,20.0343,0,14.8338,-121.004,0
0.843542,20.0416,0,15.646,-120.512,0
0.835425,20.0489,0,16.4578,-120.016,0
0.827313,20.0562,0,17.269,-119.515,0
0.819207,20.0633,0,18.0796,-119.009,0
0.811107,20.0705,0,18.8896,-118.497,0
0.803014,20.0776,0,19.6989,-117.981,0
0.794928,20.0846,0,20.5075,-117.459,0
0.786849,20.0916,0,21.3154,-116.933,0
0.778778,20.0985,0,22.1225,-116.401,0
0.770715,20.1054,0,22.9288,-115.864,0
0.76266,20.1122,0,23.7342,-115.322,0
0.754615,20.119,0,24.5388,-114.774,0
0.746578,20.1257,0,25.3424,-114.222,0
0.738552,20.1324,0,26.1451,-113.664,0
0.730535,20.139,0,26.9468,-113.1,0
0.722529,20.1456,0,27.7474,-112.532,0
0.714534,20.1521,0,28.5469,-111.958,0
0.70655,20.1585,0,29.3453,-111.379,0
0.698577,20.1649,0,30.1425,-110.794,0
0.690617,20.1713,0,30.9385,-110.204,0
0.68267,20.1776,0,31.7333,-109.608,0
0.674735,20.1838,0,32.5267,-109.007,0
0.666815,20.19,0,33.3188,-108.401,0
0.658908,20.1961,0,34.1095,-107.789,0
0.651015,20.2022,0,34.8988,-107.172,0
0.643138,20.2082,0,35.6865,-106.549,0
0.635275,20.2142,0,36.4727,-105.92,0
0.627429,20.2201,0,37.2573,-105.286,0
0.619599,20.2259,0,38.0403,-104.646,0
0.611786,20.2317,0,38.8216,-104,0
0.603991,20.2374,0,39.6012,-103.349,0
0.596213,20.2431,0,40.3789,-102.692,0
0.588454,20.2487,0,41.1549,-102.03,0
0.580714,20.2543,0,41.9289,-101.362,0
0.572993,20.2598,0,42.7009,-100.688,0
0.565293,20.2653,0,43.471,-100.008,0
0.557613,20.2707,0,44.239,-99.3226,0
0.549954,20.276,0,45.0049,-98.6314,0
0.542317,20.2813,0,45.7686,-97.9343,0
0.534702,20.2865,0,46.5301,-97.2313,0
0.52711,20.2916,0,47.2893,-96.5226,0
0.519541,20.2967,0,48.0462,-95.8079,0
0.511997,20.3018,0,48.8006,-95.0874,0
0.504477,20.3068,0,49.5526,-94.361,0
0.496983,20.3117,0,50.302,-93.6287,0
0.489514,20.3166,0,51.0489,-92.8904,0
0.482072,20.3214,0,51.7931,-92.1463,0
0.474657,20.3261,0,52.5346,-91.3961,0
0.46727,20.3308,0,53.2733,-90.64,0
0.459912,20.3354,0,54.0091,-89.8779,0
0.452582,20.34,0,54.7421,-89.1099,0
0.445282,20.3445,0,55.4721,-88.3358,0
0.438013,20.3489,0,56.199,-87.5557,0
0.430775,20.3533,0,56.9228,-86.7696,0
0.423568,20.3577,0,57.6434,-85.9774,0
0.416395,20.3619,0,58.3608,-85.1793,0
0.409254,20.3661,0,59.0749,-84.375,0
0.402147,20.3703,0,59.7856,-83.5647,0
0.395075,20.3744,0,60.4928,-82.7484,0
0.388038,20.3784,0,61.1965,-81.926,0
0.381037,20.3823,0,61.8965,-81.0975,0
0.374073,20.3862,0,62.5929,-80.263,0
0.367147,20.3901,0,63.2856,-79.4224,0
0.360259,20.3939,0,63.9744,-78.5757,0
0.35341,20.3976,0,64.6593,-77.7229,0
0.346601,20.4012,0,65.3402,-76.864,0
0.339832,20.4048,0,66.0171,-75.9991,0
0.333105,20.4084,0,66.6898,-75.1281,0
0.32642,20.4119,0,67.3583,-74.251,0
0.319778,20.4153,0,68.0225,-73.3679,0
0.31318,20.4186,0,68.6823,-72.4787,0
0.306626,20.4219,0,69.3377,-71.5834,0
0.300117,20.4252,0,69.9885,-70.6821,0
0.293655,20.4283,0,70.6348,-69.7748,0
0.28724,20.4314,0,71.2763,-68.8614,0
0.280873,20.4345,0,71.913,-67.942,0
0.274554,20.4375,0,72.5449,-67.0167,0
0.268284,20.4404,0,73.1718,-66.0853,0
0.262066,20.4433,0,73.7937,-65.1479,0
0.255898,20.4461,0,74.4105,-64.2046,0
0.249782,20.4489,0,75.0221,-63.2554,0
0.243719,20.4516,0,75.6284,-62.3002,0
0.23771,20.4542,0,76.2293,-61.3392,0
0.231756,20.4568,0,76.8247,-60.3722,0
0.225857,20.4593,0,77.4146,-59.3995,0
0.220014,20.4618,0,77.9989,-58.4208,0
0.214228,20.4642,0,78.5774,-57.4364,0
0.208501,20.4665,0,79.1502,-56.4462,0
0.202833,20.4688,0,79.717,-55.4503,0
0.197224,20.471,0,80.2779,-54.4486,0
0.191676,20.4732,0,80.8327,-53.4413,0
0.18619,20.4753,0,81.3813,-52.4283,0
0.180766,20.4774,0,81.9237,-51.4097,0
0.175406,20.4794,0,82.4597,-50.3855,0
0.17011,20.4813,0,82.9893,-49.3558,0
0.164879,20.4832,0,83.5124,-48.3206,0
0.159714,20.4851,0,84.0289,-47.28,0
0.154615,20.4869,0,84.5387,-46.234,0
0.149585,20.4886,0,85.0418,-45.1826,0
0.144624,20.4903,0,85.5379,-44.1258,0
0.139731,20.4919,0,86.0271,-43.0639,0
0.13491,20.4935,0,86.5093,-41.9967,0
0.130159,20.495,0,86.9843,-40.9243,0
0.125481,20.4965,0,87.4522,-39.8469,0
0.120876,20.4979,0,87.9127,-38.7644,0
0.116345,20.4993,0,88.3658,-37.6769,0
0.111888,20.5006,0,88.8115,-36.5845,0
0.107507,20.5019,0,89.2496,-35.4872,0
0.103202,20.5031,0,89.6801,-34.3851,0
0.098975,20.5043,0,90.1028,-33.2783,0
0.0948257,20.5054,0,90.5177,-32.1668,0
0.0907553,20.5065,0,90.9248,-31.0508,0
0.0867646,20.5075,0,91.3238,-29.9302,0
0.0828545,20.5085,0,91.7148,-28.8051,0
0.0790257,20.5095,0,92.0977,-27.6757,0
0.075279,20.5104,0,92.4724,-26.542,0
0.0716152,20.5113,0,92.8388,-25.404,0
0.0680351,20.5121,0,93.1968,-24.2619,0
0.0645393,20.5129,0,93.5464,-23.1158,0
0.0611287,20.5136,0,93.8874,-21.9657,0
0.057804,20.5143,0,94.2199,-20.8117,0
0.0545658,20.515,0,94.5437,-19.6539,0
0.051415,20.5156,0,94.8588,-18.4923,0
0.0483522,20.5162,0,95.1651,-17.3272,0
0.045378,20.5168,0,95.4625,-16.1585,0
0.0424931,20.5173,0,95.751,-14.9864,0
0.0396983,20.5178,0,96.0305,-13.811,0
0.036994,20.5183,0,96.3009,-12.6323,0
0.0343809,20.5187,0,96.5622,-11.4505,0
0.0318597,20.5191,0,96.8143,-10.2657,0
0.0294308,20.5195,0,97.0572,-9.07786,0
0.0270949,20.5198,0,97.2908,-7.88723,0
0.0248525,20.5201,0,97.515,-6.69387,0
0.0227041,20.5204,0,97.7299,-5.49788,0
0.0206502,20.5207,0,97.9353,-4.29938,0
0.0186913,20.5209,0,98.1312,-3.09846,0
0.0168279,20.5211,0,98.3175,-1.89525,0
0.0150604,20.5213,0,98.4942,-0.689856,0
0.0133892,20.5215,0,98.6614,0.517617,0
0.0118148,20.5217,0,98.8188,1.72705,0
0.0103375,20.5218,0,98.9665,2.93833,0
0.00895761,20.5219,0,99.1045,4.15135,0
0.00767555,20.522,0,99.2327,5.36597,0
0.00649161,20.5221,0,99.3511,6.5821,0
0.00540607,20.5222,0,99.4597,7.79961,0
0.00441919,20.5222,0,99.5584,9.01838,0
0.00353123,20.5223,0,99.6472,10.2383,0
0.0027424,20.5223,0,99.726,11.4592,0
0.00205289,20.5223,0,99.795,12.6811,0
0.00146287,20.5224,0,99.854,13.9037,0
0.000972491,20.5224,0,99.903,15.127,0
0.000581871,20.5224,0,99.9421,16.3508,0
0.000291106,20.5224,0,99.9712,17.575,0
0.00010027,20.5224,0,99.9902,18.7996,0
9.40909e-06,20.5224,0,99.9993,20.0243,0
1.85456e-05,20.5224,0,99.9984,21.249,0
0.000127677,20.5224,0,99.9875,22.4737,0
0.000336777,20.5224,0,99.9666,23.6982,0
0.000645793,20.5224,0,99.9357,24.9224,0
0.00105465,20.5224,0,99.8948,26.1461,0
0.00156324,20.5224,0,99.844,27.3693,0
0.00217145,20.5224,0,99.7831,28.5917,0
0.00287912,20.5225,0,99.7124,29.8134,0
0.00368607,20.5225,0,99.6317,31.0342,0
0.00459212,20.5226,0,99.5411,32.2539,0
0.00559703,20.5226,0,99.4406,33.4724,0
0.00670056,20.5227,0,99.3302,34.6897,0
0.00790244,20.5228,0,99.21,35.9055,0
0.00920238,20.5229,0,99.08,37.1199,0
0.0106001,20.523,0,98.9403,38.3326,0
0.0120951,20.5232,0,98.7908,39.5435,0
0.0136873,20.5233,0,98.6315,40.7526,0
0.0153761,20.5235,0,98.4627,41.9597,0
0.0171611,20.5237,0,98.2842,43.1647,0
0.0190419,20.5239,0,98.0961,44.3675,0
0.0210182,20.5241,0,97.8985,45.568,0
0.0230893,20.5244,0,97.6913,46.766,0
0.0252549,20.5247,0,97.4748,47.9615,0
0.0275144,20.525,0,97.2488,49.1544,0
0.0298673,20.5254,0,97.0135,50.3445,0
0.032313,20.5257,0,96.769,51.5317,0
0.0348511,20.5262,0,96.5152,52.716,0
0.0374808,20.5266,0,96.2522,53.8973,0
0.0402016,20.5271,0,95.9801,55.0754,0
0.0430129,20.5276,0,95.699,56.2502,0
0.045914,20.5281,0,95.4089,57.4216,0
0.0489044,20.5287,0,95.1098,58.5897,0
0.0519833,20.5293,0,94.8019,59.7541,0
0.05515,20.5299,0,94.4853,60.915,0
0.0584039,20.5306,0,94.1599,62.0721,0
0.0617443,20.5313,0,93.8258,63.2253,0
0.0651704,20.532,0,93.4832,64.3747,0
0.0686816,20.5328,0,93.1321,65.5201,0
0.072277,20.5337,0,92.7726,66.6614,0
0.0759559,20.5345,0,92.4047,67.7986,0
0.0797175,20.5355,0,92.0285,68.9315,0
0.0835611,20.5364,0,91.6441,70.0602,0
0.0874859,20.5374,0,91.2517,71.1844,0
0.091491,20.5385,0,90.8512,72.3041,0
0.0955757,20.5396,0,90.4427,73.4194,0
0.0997392,20.5407,0,90.0263,74.53,0
0.103981,20.5419,0,89.6022,75.6359,0
0.108299,20.5431,0,89.1704,76.7371,0
0.112694,20.5444,0,88.7309,77.8335,0
0.117164,20.5458,0,88.2839,78.925,0
0.121709,20.5471,0,87.8294,80.0115,0
0.126327,20.5486,0,87.3675,81.0931,0
0.131019,20.55,0,86.8984,82.1696,0
0.135782,20.5516,0,86.4221,83.241,0
0.140616,20.5532,0,85.9386,84.3072,0
0.145521,20.5548,0,85.4482,85.3682,0
0.150495,20.5565,0,84.9508,86.424,0
0.155538,20.5582,0,84.4465,87.4744,0
0.160648,20.56,0,83.9355,88.5194,0
0.165825,20.5619,0,83.4178,89.5591,0
0.171067,20.5638,0,82.8935,90.5933,0
0.176375,20.5657,0,82.3627,91.6219,0
0.181747,20.5678,0,81.8256,92.6451,0
0.187182,20.5698,0,81.2821,93.6626,0
0.192679,20.572,0,80.7323,94.6746,0
0.198238,20.5741,0,80.1765,95.6809,0
0.203857,20.5764,0,79.6145,96.6815,0
0.209536,20.5787,0,79.0466,97.6763,0
0.215274,20.581,0,78.4728,98.6655,0
0.22107,20.5835,0,77.8933,99.6488,0
0.226923,20.5859,0,77.308,100.626,0
0.232832,20.5885,0,76.7171,101.598,0
0.238796,20.591,0,76.1207,102.564,0
0.244815,20.5937,0,75.5188,103.524,0
0.250887,20.5964,0,74.9116,104.478,0
0.257012,20.5992,0,74.299,105.426,0
0.263189,20.602,0,73.6814,106.368,0
0.269417,20.6049,0,73.0586,107.305,0
0.275695,20.6078,0,72.4308,108.235,0
0.282022,20.6108,0,71.798,109.159,0
0.288398,20.6139,0,71.1604,110.077,0
0.294822,20.617,0,70.5181,110.99,0
0.301292,20.6202,0,69.871,111.896,0
0.307809,20.6234,0,69.2194,112.796,0
0.31437,20.6268,0,68.5632,113.69,0
0.320976,20.6301,0,67.9026,114.578,0
0.327626,20.6335,0,67.2377,115.46,0
0.334318,20.637,0,66.5684,116.336,0
0.341053,20.6406,0,65.895,117.206,0
0.347829,20.6442,0,65.2174,118.07,0
0.354645,20.6479,0,64.5358,118.928,0
0.361501,20.6516,0,63.8502,119.779,0
0.368395,20.6554,0,63.1607,120.625,0
0.375328,20.6592,0,62.4674,121.464,0
0.382299,20.6632,0,61.7704,122.298,0
0.389306,20.6671,0,61.0697,123.125,0
0.396349,20.6712,0,60.3654,123.947,0
0.403427,20.6753,0,59.6576,124.762,0
0.410539,20.6794,0,58.9463,125.571,0
0.417686,20.6836,0,58.2317,126.374,0
0.424865,20.6879,0,57.5137,127.171,0
0.432077,20.6922,0,56.7925,127.962,0
0.439321,20.6966,0,56.0682,128.747,0
0.446595,20.7011,0,55.3407,129.526,0
0.4539,20.7056,0,54.6102,130.299,0
0.461235,20.7102,0,53.8768,131.066,0
0.468598,20.7148,0,53.1404,131.827,0
0.47599,20.7195,0,52.4013,132.582,0
0.483409,20.7243,0,51.6593,133.331,0
0.490856,20.7291,0,50.9147,134.074,0
0.498329,20.734,0,50.1674,134.811,0
0.505828,20.7389,0,49.4175,135.543,0
0.513352,20.7439,0,48.6651,136.268,0
0.5209,20.749,0,47.9103,136.987,0
0.528472,20.7541,0,47.153,137.701,0
0.536068,20.7592,0,46.3934,138.409,0
0.543687,20.7645,0,45.6316,139.111,0
0.551328,20.7698,0,44.8675,139.807,0
0.55899,20.7751,0,44.1013,140.497,0
0.566673,20.7805,0,43.3329,141.181,0
0.574377,20.786,0,42.5625,141.86,0
0.582101,20.7915,0,41.7901,142.533,0
0.589845,20.7971,0,41.0158,143.2,0
0.597607,20.8027,0,40.2396,143.861,0
0.605387,20.8084,0,39.4615,144.517,0
0.613186,20.8141,0,38.6817,145.167,0
0.621001,20.8199,0,37.9001,145.812,0
0.628834,20.8258,0,37.1169,146.451,0
0.636683,20.8317,0,36.332,147.084,0
0.644547,20.8377,0,35.5456,147.711,0
0.652427,20.8437,0,34.7576,148.333,0
0.660322,20.8498,0,33.9681,148.95,0
0.668231,20.8559,0,33.1772,149.561,0
0.676154,20.8621,0,32.3849,150.166,0
0.68409,20.8684,0,31.5913,150.766,0
0.69204,20.8747,0,30.7963,151.361,0
0.700001,20.881,0,30.0001,151.95,0
0.707976,20.8874,0,29.2027,152.534,0
0.715961,20.8939,0,28.4041,153.112,0
0.723958,20.9004,0,27.6045,153.685,0
0.731966,20.907,0,26.8037,154.252,0
0.739984,20.9136,0,26.0019,154.815,0
0.748012,20.9203,0,25.1991,155.372,0
0.75605,20.927,0,24.3953,155.923,0
0.764097,20.9338,0,23.5906,156.47,0
0.772152,20.9406,0,22.785,157.011,0
0.780216,20.9475,0,21.9786,157.547,0
0.788288,20.9545,0,21.1714,158.078,0
0.796368,20.9614,0,20.3634,158.604,0
0.804455,20.9685,0,19.5547,159.124,0
0.812549,20.9756,0,18.7453,159.64,0
0.82065,20.9827,0,17.9353,160.15,0
0.828756,20.9899,0,17.1246,160.656,0
0.836869,20.9972,0,16.3134,161.156,0
0.844987,21.0045,0,15.5016,161.652,0
0.85311,21.0118,0,14.6892,162.142,0
0.861238,21.0192,0,13.8764,162.627,0
0.869371,21.0266,0,13.0631,163.108,0
0.877508,21.0341,0,12.2495,163.584,0
0.885649,21.0417,0,11.4354,164.054,0
0.893793,21.0493,0,10.621,164.52,0
0.901941,21.0569,0,9.80619,164.981,0
0.910091,21.0646,0,8.99114,165.438,0
0.918244,21.0723,0,8.17581,165.889,0
0.9264,21.0801,0,7.36025,166.336,0
0.934558,21.0879,0,6.54448,166.778,0
0.942717,21.0958,0,5.72853,167.215,0
0.950878,21.1037,0,4.91242,167.648,0
0.959041,21.1117,0,4.09619,168.076,0
0.967204,21.1197,0,3.27986,168.499,0
0.975368,21.1278,0,2.46345,168.918,0
0.983533,21.1359,0,1.64701,169.332,0
0.991697,21.144,0,0.830536,169.742,0
0.999862,21.1522,0,0.0140722,170.147,0
1.00803,21.1604,0,-0.802362,170.547,0
1.01619,21.1687,0,-1.61874,170.944,0
1.02435,21.1771,0,-2.43504,171.335,0
1.03252,21.1854,0,-3.25124,171.722,0
1.04068,21.1939,0,-4.06732,172.105,0
1.04884,21.2023,0,-4.88324,172.484,0
1.05699,21.2108,0,-5.699,172.858,0
1.06515,21.2194,0,-6.51456,173.228,0
1.0733,21.228,0,-7.32991,173.593,0
1.08145,21.2366,0,-8.14502,173.954,0
1.0896,21.2453,0,-8.95987,174.311,0
1.09775,21.254,0,-9.77445,174.664,0
1.10589,21.2628,0,-10.5887,175.012,0
1.11403,21.2716,0,-11.4027,175.356,0
1.12217,21.2804,0,-12.2163,175.696,0
1.1303,21.2893,0,-13.0296,176.032,0
1.13843,21.2982,0,-13.8424,176.364,0
1.14655,21.3072,0,-14.6549,176.692,0
1.15467,21.3162,0,-15.467,177.015,0
1.16279,21.3253,0,-16.2786,177.335,0
1.1709,21.3344,0,-17.0898,177.651,0
1.17901,21.3435,0,-17.9005,177.962,0
1.18711,21.3527,0,-18.7108,178.27,0
1.19521,21.3619,0,-19.5205,178.573,0
1.2033,21.3711,0,-20.3297,178.873,0
1.21139,21.3804,0,-21.1384,179.168,0
1.21947,21.3898,0,-21.9465,179.46,0
1.22754,21.3991,0,-22.7541,179.748,0
1.23561,21.4085,0,-23.561,180.032,0
1.24368,21.418,0,-24.3674,180.312,0
1.25173,21.4275,0,-25.1732,180.589,0
1.25979,21.437,0,-25.9783,180.862,0
1.26783,21.4465,0,-26.7828,181.13,0
1.27587,21.4561,0,-27.5866,181.395,0
1.2839,21.4658,0,-28.3898,181.657,0
1.29192,21.4754,0,-29.1922,181.915,0
1.29994,21.4851,0,-29.994,182.169,0
1.30795,21.4949,0,-30.795,182.419,0
1.31596,21.5047,0,-31.5954,182.666,0
1.32395,21.5145,0,-32.395,182.909,0
1.33194,21.5243,0,-33.1938,183.148,0
1.33992,21.5342,0,-33.9919,183.384,0
1.34789,21.5442,0,-34.7892,183.616,0
1.35586,21.5541,0,-35.5857,183.845,0
1.36382,21.5641,0,-36.3814,184.07,0
1.37176,21.5741,0,-37.1763,184.292,0
1.37971,21.5842,0,-37.9703,184.511,0
1.38764,21.5943,0,-38.7635,184.725,0
1.39556,21.6044,0,-39.5559,184.937,0
1.40348,21.6146,0,-40.3475,185.145,0
1.41138,21.6248,0,-41.1381,185.349,0
1.41928,21.635,0,-41.9279,185.551,0
1.42717,21.6453,0,-42.7168,185.748,0
1.43505,21.6556,0,-43.5048,185.943,0
1.44292,21.6659,0,-44.2919,186.134,0
1.45078,21.6763,0,-45.078,186.322,0
1.45863,21.6867,0,-45.8633,186.506,0
1.46648,21.6971,0,-46.6475,186.688,0
1.47431,21.7076,0,-47.4309,186.866,0
1.48213,21.7181,0,-48.2133,187.041,0
1.48995,21.7286,0,-48.9947,187.212,0
1.49775,21.7392,0,-49.7751,187.381,0
1.50555,21.7498,0,-50.5546,187.546,0
1.51333,21.7604,0,-51.3331,187.708,0
1.52111,21.7711,0,-52.1106,187.867,0
1.52887,21.7818,0,-52.887,188.023,0
1.53663,21.7925,0,-53.6625,188.175,0
1.54437,21.8033,0,-54.4369,188.325,0
1.5521,21.814,0,-55.2103,188.472,0
1.55983,21.8248,0,-55.9826,188.615,0
1.56754,21.8357,0,-56.7539,188.756,0
1.57524,21.8466,0,-57.5242,188.893,0
1.58294,21.8575,0,-58.2934,189.027,0
1.59062,21.8684,0,-59.0615,189.159,0
1.59829,21.8794,0,-59.8285,189.287,0
1.60595,21.8904,0,-60.5945,189.413,0
1.61359,21.9014,0,-61.3593,189.535,0
1.62123,21.9124,0,-62.1231,189.655,0
1.62886,21.9235,0,-62.8858,189.772,0
1.63647,21.9346,0,-63.6473,189.886,0
1.64408,21.9458,0,-64.4078,189.997,0
1.65167,21.9569,0,-65.1671,190.105,0
1.65925,21.9681,0,-65.9253,190.21,0
1.66682,21.9793,0,-66.6823,190.313,0
1.67438,21.9906,0,-67.4382,190.412,0
1.68193,22.0019,0,-68.193,190.509,0
1.68947,22.0132,0,-68.9466,190.603,0
1.69699,22.0245,0,-69.6991,190.695,0
1.70451,22.0359,0,-70.4504,190.783,0
1.71201,22.0473,0,-71.2005,190.869,0
1.7195,22.0587,0,-71.9495,190.952,0
1.72697,22.0701,0,-72.6973,191.033,0
1.73444,22.0816,0,-73.4439,191.111,0
1.74189,22.0931,0,-74.1893,191.186,0
1.74934,22.1046,0,-74.9335,191.258,0
1.75677,22.1161,0,-75.6765,191.328,0
1.76418,22.1277,0,-76.4183,191.395,0
1.77159,22.1393,0,-77.159,191.46,0
1.77898,22.151,0,-77.8984,191.522,0
1.78637,22.1626,0,-78.6366,191.581,0
1.79374,22.1743,0,-79.3735,191.638,0
1.80109,22.186,0,-80.1093,191.692,0
1.80844,22.1977,0,-80.8438,191.744,0
1.81577,22.2095,0,-81.5771,191.793,0
1.82309,22.2213,0,-82.3091,191.84,0
1.8304,22.2331,0,-83.0399,191.884,0
1.8377,22.2449,0,-83.7695,191.926,0
1.84498,22.2567,0,-84.4978,191.965,0
1.85225,22.2686,0,-85.2249,192.002,0
1.85951,22.2805,0,-85.9507,192.036,0
1.86675,22.2925,0,-86.6753,192.068,0
1.87399,22.3044,0,-87.3986,192.098,0
1.88121,22.3164,0,-88.1206,192.125,0
1.88842,22.3284,0,-88.8414,192.149,0
1.89561,22.3404,0,-89.5609,192.172,0
1.90279,22.3525,0,-90.2791,192.192,0
1.90996,22.3645,0,-90.996,192.209,0
1.91712,22.3766,0,-91.7117,192.224,0
1.92426,22.3887,0,-92.4261,192.237,0
1.93139,22.4009,0,-93.1392,192.248,0
1.93851,22.413,0,-93.851,192.256,0
1.94562,22.4252,0,-94.5615,192.262,0
1.95271,22.4374,0,-95.2707,192.266,0
1.95979,22.4497,0,-95.9786,192.267,0
1.96685,22.4619,0,-96.6853,192.267,0
1.97391,22.4742,0,-97.3906,192.264,0
1.98095,22.4865,0,-98.0946,192.258,0
1.98797,22.4988,0,-98.7973,192.251,0
1.99499,22.5112,0,-99.4987,192.241,0
2.00199,22.5235,0,-100.199,192.229,0
2.00898,22.5359,0,-100.898,192.215,0
2.01595,22.5483,0,-101.595,192.199,0
2.02291,22.5608,0,-102.291,192.181,0
2.02986,22.5732,0,-102.986,192.16,0
